"id","type","v:0","v:1","v:2","f:0","f:1","f:2","radius","omega:0","omega:1","omega:2","Points:0","Points:1","Points:2"
45,1,4.5068e-05,4.63627e-06,0,-6.42797e-09,-5.70356e-10,0,0.0005,-0.00268323,0.00391816,-0.0713993,0.000476445,0.000407821,-4.97566e-05
48,1,7.87433e-05,3.56367e-06,0,-1.25971e-08,-2.88001e-09,0,0.0005,0.0235571,0.0126212,0.0331717,0.0012975,0.000910511,1.99029e-05
83,1,9.54547e-05,9.09058e-06,0,-7.74434e-09,9.75853e-10,0,0.00046,0.00811677,-0.0301022,-0.0581417,0.000464212,0.00126577,-1.5404e-05
19,1,5.80058e-05,-6.75559e-06,0,-1.2443e-08,1.96305e-09,0,0.00054,0.000470514,-0.0245431,-0.0991389,0.00207735,0.000432506,-6.70462e-06
41,1,7.58346e-05,1.53669e-06,0,-8.66733e-09,-4.78242e-10,0,0.0005,-0.0146286,0.0116242,0.0969933,0.00280504,0.00106477,-3.72737e-05
90,1,7.22134e-05,-1.96484e-05,0,-4.46989e-09,-8.33481e-10,0,0.00044,-0.00824234,0.000657744,-0.044862,0.00203785,0.00146041,3.54547e-05
89,1,7.69078e-05,1.12277e-05,0,-9.34725e-10,-2.70453e-09,0,0.00044,0.00404348,-0.0181587,-0.0757023,0.00355594,0.00147814,-1.5437e-06
29,1,4.10539e-05,5.86542e-06,0,-9.58333e-10,-4.73481e-10,0,0.00052,-0.00204962,-0.023435,-0.0771769,0.00488485,0.000438852,-1.24497e-05
4,1,6.56863e-05,-1.13086e-06,0,-2.13334e-08,-2.35236e-09,0,0.00058,-0.000520699,-0.00151079,-0.114353,0.00365308,0.000514871,-1.32742e-05
27,1,7.53015e-05,-3.21457e-06,0,-1.3971e-09,-1.51159e-11,0,0.00052,0.00894644,0.0129952,0.0191933,0.00444556,0.00136637,3.7231e-06
28,1,7.53411e-05,7.53497e-07,0,-1.41269e-09,-6.97045e-10,0,0.00052,-0.0190251,-0.0119631,0.0074923,0.0054329,0.00120392,-2.96738e-05
75,1,4.00051e-05,-7.30969e-06,0,-6.24565e-10,-1.08899e-10,0,0.00046,0.00274976,0.0419025,-0.0923594,0.00584952,0.000398531,-3.73089e-05
34,1,7.82443e-05,8.13754e-06,0,-6.58252e-10,-4.3535e-10,0,0.00052,-0.0271219,0.014189,0.00101167,0.00640729,0.0012485,-1.66342e-05
54,1,4.10904e-05,-4.95119e-06,0,-1.03268e-09,-2.52275e-10,0,0.0005,-0.00020094,0.0368076,-0.0888498,0.0068513,0.000429964,3.04549e-05
46,1,4.07826e-05,1.93538e-06,0,4.30048e-11,2.21656e-10,0,0.0005,-0.00124966,0.0845356,-0.0790886,0.00797817,0.000440353,4.04467e-05
68,1,7.0429e-05,1.44236e-05,0,1.14751e-09,1.38601e-09,0,0.00048,-0.0735567,0.0249798,0.00617793,0.00747544,0.00119238,-2.23732e-05
42,1,5.89056e-05,5.99846e-08,0,1.79721e-09,-7.05772e-10,0,0.0005,0.110534,-0.00581158,0.0249198,0.00876715,0.00103286,5.09221e-06
74,1,3.78227e-05,-1.87748e-06,0,7.49166e-10,-3.6388e-10,0,0.00046,-0.00224268,-0.114638,-0.076538,0.0093924,0.00038054,-1.20537e-05
52,1,5.0683e-05,-5.06826e-07,0,2.3803e-09,-1.13125e-09,0,0.0005,-0.0467516,0.0500267,0.0431363,0.00999944,0.00103771,3.91278e-05
60,1,4.30519e-06,-9.78352e-06,0,5.83601e-10,-1.24437e-09,0,0.00048,-0.00439287,0.0016625,-0.0111693,0.010715,0.000391607,-3.28708e-05
91,1,5.83609e-05,-3.08054e-05,0,2.18858e-09,-2.46716e-09,0,0.00044,0.00193802,-0.0621459,-0.154784,0.0108554,0.00118404,3.24564e-05
6,1,3.88644e-05,-7.67169e-05,0,1.62152e-09,-8.53905e-09,0,0.00056,0.0489189,0.025052,0.0366617,0.0116743,0.000868893,3.75182e-05
16,1,7.44428e-05,5.62672e-06,0,5.16231e-09,6.35381e-11,0,0.00054,-0.00328975,-0.0447784,0.144064,0.0125495,0.000478182,-2.76781e-05
3,1,0.000110634,-2.36675e-06,0,7.41065e-09,2.92531e-09,0,0.00058,0.00196495,-0.0181202,-0.00411621,0.0133276,0.00125591,-1.82355e-06
78,1,8.75355e-05,-8.64882e-05,0,1.56901e-09,-3.32464e-09,0,0.00046,-0.00991243,0.0278313,0.190652,0.0123917,0.00157415,2.18197e-05
59,1,6.44896e-05,8.36144e-06,0,4.45517e-09,1.52137e-09,0,0.00048,-0.00146852,0.0478095,-0.133334,0.0134519,0.00033862,-3.96086e-06
67,1,8.14848e-05,-3.78907e-06,0,9.51236e-09,-2.42508e-09,0,0.00048,5.99914e-06,-0.028272,-0.186025,0.0148978,0.000371673,1.3181e-05
71,1,0.000106448,2.24801e-05,0,9.01341e-09,5.48739e-09,0,0.00048,0.0515292,-0.00677827,0.0900401,0.0142104,0.000832424,-2.02466e-06
26,1,6.21033e-05,1.59259e-05,0,1.50787e-10,-6.75381e-09,0,0.00052,0.00269806,0.029409,0.224677,0.0152816,0.00123761,-4.92787e-05
10,1,8.28033e-05,1.30311e-05,0,1.5419e-08,-2.09394e-09,0,0.00056,0.000664642,-0.0306694,-0.170638,0.0159785,0.000464682,-2.65834e-05
33,1,0.000144738,-2.78177e-05,0,3.90921e-09,-3.04813e-09,0,0.00052,-0.0185218,0.0117281,0.0263104,0.0165792,0.0012336,-4.32784e-06
53,1,8.40094e-05,5.27328e-05,0,0,0,0,0.0005,-0.00817482,0.0543382,-0.148616,0.0175686,0.000515389,-4.85386e-05
15,1,0.000124998,1.86262e-05,0,-2.97031e-09,2.60445e-09,0,0.00054,0.0110519,-0.0399965,-0.020706,0.0183063,0.0012598,1.95463e-05
14,1,5.79764e-05,-3.83283e-06,0,-6.04775e-09,-2.09336e-10,0,0.00054,0.000696136,0.0043664,-0.129539,0.018607,0.000414078,-7.12572e-06
72,1,6.05985e-05,5.53969e-06,0,-3.48846e-09,2.83215e-09,0,0.00048,0.00191742,-0.00215038,0.0466126,0.0195544,0.000414397,1.69816e-05
57,1,9.83563e-05,7.25253e-06,0,3.57303e-09,9.08343e-09,0,0.0005,-0.0115099,0.0439538,-0.092893,0.0193189,0.00129737,3.21045e-05
39,1,9.70013e-05,5.1862e-06,0,-6.03591e-09,-4.00566e-09,0,0.0005,-0.0245398,0.0126623,-0.0470643,0.00122027,0.00179838,6.72355e-06
50,1,0.000122335,1.36967e-05,0,-1.65593e-09,3.5414e-09,0,0.0005,-0.00759972,-0.00371499,0.00188083,0.000359792,0.00210472,-4.9345e-05
8,1,0.000132001,8.21999e-06,0,2.38571e-09,-3.51759e-09,0,0.00056,0.0171387,0.0064018,-0.0282674,0.00112129,0.00276248,2.40593e-05
86,1,0.000136418,4.02832e-06,0,1.66024e-09,3.09681e-09,0,0.00044,0.00925342,0.00774935,-0.0272041,0.000166082,0.00290899,-2.11247e-06
81,1,0.000115365,-1.005e-05,0,-1.56969e-09,-2.61859e-09,0,0.00046,0.0129802,-0.0244842,-0.00565372,0.00199137,0.00232025,1.72248e-05
69,1,0.000105168,5.67591e-06,0,-2.92578e-09,-2.78676e-09,0,0.00048,-0.00398462,0.0205538,0.029236,0.00285173,0.00202924,3.70504e-05
88,1,0.000133854,-2.07734e-05,0,-1.56832e-09,-1.37297e-09,0,0.00044,0.000835825,0.0418119,-0.0443475,0.00258092,0.00294949,-4.19173e-06
7,1,9.63113e-05,1.68121e-05,0,-5.15208e-09,-4.20135e-09,0,0.00056,-0.0154153,-0.0258665,0.0207991,0.00382638,0.00235064,3.74342e-05
25,1,0.000105677,1.20466e-05,0,-2.54189e-09,-2.69053e-09,0,0.00052,-0.0271222,-1.86216e-05,-0.0462009,0.00465728,0.00290258,-4.25165e-05
22,1,7.89068e-05,2.32876e-06,0,-2.15392e-09,-1.56637e-09,0,0.00054,0.0170586,0.016378,-0.0122898,0.00514954,0.00209618,1.87838e-05
65,1,8.06098e-05,2.84202e-06,0,-1.58036e-09,-9.57493e-10,0,0.00048,0.0258484,-0.0195096,0.00741245,0.00608545,0.00213204,-2.11042e-05
13,1,9.78317e-05,4.17323e-06,0,-1.11511e-09,-2.77292e-10,0,0.00054,-0.0445591,-0.0100298,-0.0361618,0.00666236,0.00292773,-2.03403e-05
58,1,0.000101967,-1.65919e-06,0,-1.79106e-09,-1.20865e-09,0,0.0005,-0.00813694,-1.15022e-05,-0.0377868,0.00564459,0.00293316,-3.26099e-05
24,1,7.67777e-05,6.71464e-06,0,-1.1272e-09,1.19832e-09,0,0.00052,0.0491942,0.00578493,-0.00160443,0.00700839,0.00198126,2.94528e-05
73,1,0.000109578,-2.00858e-05,0,-9.45708e-09,9.75757e-09,0,0.00046,-1.6636,-1.66392,-0.036979,0.00763544,0.00263101,6.56493e-06
66,1,7.1956e-05,6.0695e-06,0,2.50791e-09,2.84159e-10,0,0.00048,-0.0243682,-0.10447,-0.0451281,0.0081726,0.00175237,4.63423e-05
1,1,0.000116854,-2.28257e-05,0,2.751e-09,-3.0943e-09,0,0.00058,-0.0381029,0.055388,0.00449649,0.00834333,0.00328614,1.15215e-05
20,1,9.99458e-05,-1.87195e-05,0,4.22507e-09,-1.27674e-09,0,0.00054,-0.0239507,0.0486401,-0.0304368,0.00886864,0.00241741,-2.66714e-05
80,1,6.12266e-05,-1.01752e-05,0,1.77163e-09,-1.00278e-09,0,0.00046,-0.0642178,0.0655186,-0.0369807,0.00940996,0.00168072,1.80717e-05
47,1,0.000116987,-1.52662e-05,0,3.86113e-09,-2.88521e-09,0,0.0005,0.0399637,-0.0481881,0.0661673,0.00984378,0.00249836,4.33922e-05
35,1,0.000114602,-3.08876e-05,0,3.43105e-09,-2.29164e-09,0,0.00052,0.0217313,-0.060938,-0.0233902,0.00937552,0.0032956,2.4953e-06
93,1,0.000166316,-4.44486e-05,0,1.03316e-09,-2.22046e-09,0,0.00042,-0.0258674,-0.0664443,0.121073,0.0103973,0.00317979,4.12499e-05
32,1,0.000130482,3.6497e-06,0,3.28778e-09,-5.44524e-09,0,0.00052,0.014801,0.00729192,-0.0354331,0.0105525,0.00194916,-4.71808e-05
38,1,9.60179e-05,-7.74421e-05,0,2.23005e-09,-5.01807e-09,0,0.0005,-0.0576352,-0.00538613,-0.165957,0.0115272,0.00185115,2.40231e-05
23,1,0.000178787,-2.567e-05,0,3.89331e-09,-4.47726e-09,0,0.00054,0.0303347,0.0496305,-0.0401546,0.0111525,0.00273968,3.27854e-05
44,1,0.000201121,2.2104e-05,0,1.49489e-08,9.63189e-09,0,0.0005,-0.124253,0.20191,0.0555818,0.0124243,0.00257694,-4.01526e-05
55,1,0.000174413,4.38891e-06,0,1.11493e-08,5.39622e-09,0,0.0005,0.0050737,-0.147479,-0.116376,0.013268,0.00219269,-4.78087e-05
51,1,0.000196078,1.30177e-05,0,6.1623e-09,5.31208e-09,0,0.0005,-0.0149725,-0.0462013,0.0530643,0.0133269,0.00307198,-3.11061e-05
63,1,0.000181349,-1.24375e-05,0,2.31065e-09,-9.85101e-11,0,0.00048,0.00330352,-0.0276935,0.0304011,0.0119066,0.00332107,-2.48084e-05
31,1,9.65142e-05,2.72601e-05,0,4.79188e-09,8.88596e-09,0,0.00052,-0.0424606,0.0282127,-0.060782,0.0143009,0.00169031,3.24568e-05
84,1,0.000150155,3.73472e-05,0,9.65208e-10,4.37008e-09,0,0.00044,0.0380629,0.0185828,-0.0657509,0.0141294,0.0025369,2.35941e-05
77,1,0.000176243,3.41765e-05,0,-3.54526e-10,7.40284e-09,0,0.00046,-0.032294,0.0320606,0.000305118,0.0141795,0.00333172,2.15234e-05
17,1,0.00013191,-2.74537e-06,0,1.56142e-09,1.4318e-08,0,0.00054,0.0377919,-0.0283824,-0.0280165,0.0150467,0.00233491,2.08022e-05
70,1,0.000132134,-2.83698e-05,0,-2.34122e-09,4.3504e-10,0,0.00048,-0.00101224,0.00990146,-0.0044856,0.0159466,0.00189425,-1.31875e-05
5,1,0.000137767,-1.09816e-05,0,2.55824e-09,8.82311e-09,0,0.00056,0.00104759,0.0449841,-0.00100874,0.0159765,0.0028155,4.11056e-07
79,1,0.000124317,-1.04962e-05,0,-2.57025e-09,7.62879e-09,0,0.00046,-0.0317127,-0.0351143,-0.0194584,0.0167672,0.0023168,-2.13541e-05
12,1,0.000140832,-9.18217e-06,0,5.41915e-09,1.31125e-08,0,0.00056,0.0150164,-0.0371401,-0.0130062,0.0169249,0.00326548,5.14548e-06
11,1,0.000126857,5.53528e-06,0,-6.37876e-09,1.35401e-08,0,0.00056,0.0488547,0.00618903,0.0459004,0.0174539,0.00172359,7.17441e-06
49,1,0.000139428,-1.13541e-07,0,1.44917e-09,2.5562e-09,0,0.0005,-0.00868998,0.0353197,0.0232083,0.0177326,0.00274412,4.93031e-05
36,1,0.000137516,8.43327e-06,0,3.74813e-09,1.46791e-09,0,0.00052,-0.0186775,-0.00980922,-0.00598686,0.0184311,0.00216082,-6.697e-06
2,1,0.000133486,7.21102e-06,0,3.35177e-09,1.07485e-08,0,0.00058,0.0127203,0.00681197,0.00758731,0.0194119,0.00231653,1.88296e-05
21,1,0.000142346,5.28855e-06,0,-4.09477e-09,3.53197e-09,0,0.00054,0.00593888,-0.0312119,-0.00983768,0.0186983,0.00309463,-1.41959e-06
30,1,0.000168235,-4.34695e-07,0,2.86438e-10,-2.12258e-09,0,0.00052,0.00596546,0.0564035,-0.0437343,0.00148705,0.00366972,4.55657e-05
87,1,0.000164578,-1.24411e-05,0,2.4664e-12,2.90193e-09,0,0.00044,-0.0302001,-0.0470939,-0.0495204,0.000551299,0.00362825,1.77683e-05
193,1,0.000177059,-8.33304e-06,0,-1.10221e-09,1.55187e-09,0,0.00044,0.0333762,-0.00180118,0.022029,0.000501345,0.0044368,-3.72271e-05
85,1,0.000179345,6.48368e-06,0,-1.27845e-09,-8.73218e-10,0,0.00044,-0.0210149,0.00252327,0.0130855,0.00130533,0.0045068,1.35023e-05
94,1,0.000176491,-3.52445e-07,0,-3.67127e-10,-4.63548e-10,0,0.00042,0.00364093,-0.0695863,0.0518236,0.00237263,0.00374249,4.70582e-05
82,1,0.000155604,2.70554e-05,0,-2.40649e-10,-1.41088e-09,0,0.00046,-0.0471182,0.0326637,0.034067,0.00307285,0.00421334,3.14585e-06
95,1,0.000169502,9.12456e-06,0,-8.05573e-10,-3.17742e-09,0,0.00058,0.00480545,-0.00509128,-0.015599,0.00223913,0.00470589,1.0814e-05
9,1,0.000121912,2.69783e-05,0,-2.20966e-09,-2.76004e-09,0,0.00056,0.0210996,0.0119721,-0.0724692,0.00345641,0.00333758,-3.93388e-05
194,1,0.000127366,1.08972e-05,0,-9.31488e-10,-1.65059e-09,0,0.00044,0.0293738,0.0100883,0.0246284,0.00434918,0.00369511,-1.25794e-06
159,1,0.000148899,1.59731e-05,0,-7.55207e-10,-1.72257e-09,0,0.00048,-0.00582153,-0.0423192,-0.0638919,0.00393056,0.00440592,2.716e-05
131,1,0.000146718,6.36902e-06,0,-1.70836e-09,-1.92649e-09,0,0.00052,-0.0184246,0.0125836,-0.0253096,0.00491219,0.00443646,4.40858e-05
92,1,0.00012672,3.56378e-06,0,-9.19186e-10,-8.92726e-10,0,0.00042,0.0223754,-0.013121,-0.0119112,0.00516459,0.00362895,3.96798e-05
135,1,0.000131129,-9.0605e-06,0,-7.49148e-10,-1.82253e-09,0,0.0005,0.0102681,0.0164463,-0.0206517,0.00605026,0.00377304,-7.07934e-06
115,1,0.000152941,-7.01408e-06,0,-7.80244e-10,-2.04403e-09,0,0.00054,-0.00600854,-0.0198811,-0.0146773,0.00589261,0.00474957,3.45424e-05
105,1,0.000142438,-1.72334e-05,0,-9.56406e-11,-1.81502e-09,0,0.00056,0.0316779,0.00933443,-0.0157596,0.00688605,0.00433498,2.286e-05
182,1,0.000120509,-1.86461e-05,0,4.73769e-10,-8.66988e-10,0,0.00046,-0.0215965,-0.0477237,-0.020948,0.00738273,0.00352647,-3.43082e-05
99,1,0.000135792,-2.70136e-05,0,2.15583e-09,-2.25077e-09,0,0.00056,0.00966157,0.0228301,-0.0297036,0.00801874,0.00425707,1.9512e-05
160,1,0.000137285,-2.84742e-05,0,2.39132e-09,-1.4845e-09,0,0.00048,0.0168837,-0.0254733,-0.0300365,0.00899298,0.0041399,5.32063e-06
157,1,0.000150251,-4.38646e-05,0,3.04553e-09,-3.28947e-09,0,0.0005,-0.0345525,0.00231618,0.00270231,0.00971998,0.00477009,1.35755e-05
56,1,0.000136967,-4.94641e-05,0,4.25412e-09,-2.86812e-09,0,0.0005,0.00331863,0.0857635,-0.0338048,0.0100673,0.00392619,-2.12721e-05
40,1,0.000170522,-4.17579e-05,0,1.85403e-09,-3.64371e-09,0,0.0005,-0.0390712,0.0473839,0.0459563,0.0110998,0.00374343,-2.89305e-05
125,1,0.000160696,-5.39572e-05,0,4.25211e-09,-3.7935e-09,0,0.00052,0.0337735,-0.041804,-0.0134595,0.0107256,0.00459999,9.36883e-06
165,1,0.000182693,-4.95021e-06,0,1.0397e-09,5.64092e-11,0,0.00048,-0.00725276,-0.0497919,-0.0234354,0.0119569,0.00424743,4.76559e-05
62,1,0.000176028,2.97535e-06,0,2.25044e-10,1.552e-10,0,0.00048,0.0217315,0.0404051,0.0135376,0.0127149,0.0037323,4.14547e-05
185,1,0.000169068,2.70995e-05,0,7.11173e-10,2.54481e-09,0,0.00046,0.00260326,0.00197111,0.00446884,0.0130807,0.00451149,-3.17454e-05
192,1,0.000172987,2.72023e-05,0,1.81411e-09,5.74162e-09,0,0.00044,-0.00847401,0.00565941,0.0097327,0.0136032,0.00389709,3.50109e-05
172,1,0.000182271,1.51656e-05,0,-1.25724e-09,7.56803e-09,0,0.00048,0.0371355,0.0635408,0.00501405,0.0149067,0.00421714,-1.72291e-05
101,1,0.000177266,2.1392e-05,0,-8.56557e-10,1.43437e-08,0,0.00056,-0.0185951,-0.0603704,-0.0127366,0.0140756,0.00469031,-2.13321e-05
18,1,0.000164552,6.67178e-06,0,-4.17273e-09,7.82052e-09,0,0.00054,-0.0400011,-0.0241112,-0.046781,0.0151009,0.00334136,-3.02218e-05
162,1,0.000168413,-1.49425e-06,0,-1.49392e-09,5.35823e-09,0,0.00048,-0.00229644,0.0125656,-0.0646475,0.0159656,0.00373893,3.07542e-05
168,1,0.000188995,8.06625e-06,0,1.53146e-09,5.9859e-09,0,0.00048,0.000815709,0.031773,0.00611963,0.0159303,0.00458084,-5.06646e-06
43,1,0.000174502,-7.01725e-07,0,5.29515e-10,8.71518e-09,0,0.0005,-0.00549698,-0.0334667,-0.0398247,0.0167835,0.00421429,-3.67063e-05
61,1,0.000160017,4.40611e-08,0,-3.35161e-09,4.03617e-09,0,0.00048,0.0181241,0.0237412,-0.0645522,0.0178821,0.00367028,4.42332e-05
167,1,0.000189092,-1.1549e-06,0,-4.12264e-09,4.27642e-09,0,0.00048,-0.0290687,0.0249073,0.00901689,0.0176601,0.00454965,4.50596e-05
149,1,0.000189636,5.72157e-06,0,-1.24186e-09,1.84966e-09,0,0.0005,0.014293,-0.030701,0.000962418,0.0185271,0.00487146,-4.39636e-05
37,1,0.000166052,5.94954e-06,0,-3.52372e-09,1.69151e-09,0,0.00052,-0.00809768,0.00465905,-0.0363817,0.0188056,0.00402916,4.93343e-05
64,1,0.000156469,3.68387e-06,0,8.12418e-10,2.27732e-09,0,0.00048,-0.0477361,0.0359051,-0.011535,0.0196536,0.00352974,-3.46654e-05
76,1,0.000174094,-7.15996e-06,0,-1.61992e-09,1.15612e-09,0,0.00046,0.0516574,0.0103254,-0.0222984,0.0196589,0.00435823,-2.06407e-05
177,1,0.000187966,6.72766e-06,0,-4.21505e-10,-4.23474e-10,0,0.00046,0.0162302,0.0282545,-0.0128363,0.00124598,0.00529001,-4.51984e-05
142,1,0.000202173,4.80188e-06,0,-1.63126e-09,1.11604e-10,0,0.0005,-0.0217488,-0.00478911,-0.011973,0.000891098,0.00608921,2.89194e-05
122,1,0.000199589,6.91252e-06,0,-7.51921e-10,-1.06275e-10,0,0.00052,0.00861273,-0.00284138,0.00491166,0.00165142,0.00662788,-1.13161e-05
139,1,0.000198339,-1.30871e-06,0,-1.24711e-09,2.62651e-10,0,0.0005,-0.00264859,-0.0281899,0.0234035,0.000326866,0.00532794,-7.56683e-06
121,1,0.000191823,6.99675e-06,0,-1.17282e-09,-1.22812e-09,0,0.00052,-0.00113531,-0.0173117,-0.0103425,0.0020426,0.0057262,6.87793e-06
195,1,0.000177173,9.70232e-06,0,-6.07005e-10,-1.30895e-09,0,0.00044,-0.00945744,0.00232841,0.00737804,0.00297648,0.00536577,-2.73404e-05
140,1,0.000193174,1.33766e-05,0,-9.56004e-10,-1.37577e-09,0,0.0005,-0.00762002,0.00498943,0.0126901,0.00261536,0.00648097,-4.44854e-05
179,1,0.000187274,1.20868e-05,0,-9.6948e-10,-1.29852e-09,0,0.00046,0.00452441,-0.00651437,-0.0230479,0.00341856,0.00611235,3.81307e-05
103,1,0.000177135,1.15965e-05,0,-1.47414e-09,-2.53487e-09,0,0.00056,0.00281832,-0.0011512,-0.000293358,0.00396558,0.00534896,1.00341e-06
110,1,0.000186071,7.78475e-06,0,-1.9268e-09,-2.0848e-09,0,0.00054,-0.0107799,-0.0112209,-0.0137712,0.00449124,0.00624997,-4.65545e-05
102,1,0.000169677,3.26689e-06,0,-1.41546e-09,-2.53851e-09,0,0.00056,0.0190756,0.00145057,-0.0161713,0.00504756,0.0054083,-2.06108e-05
153,1,0.000186357,-1.94453e-06,0,-1.47877e-09,-1.79523e-09,0,0.0005,-0.0159761,0.00619479,-0.00986292,0.00545924,0.00643873,3.54227e-05
180,1,0.000171689,-8.14237e-06,0,-7.22603e-10,-1.09154e-09,0,0.00046,0.00753202,0.0111118,-0.0186072,0.00597712,0.00569643,1.27382e-05
107,1,0.000184653,-1.24701e-05,0,-1.61112e-09,-1.32315e-09,0,0.00054,-0.0055951,-0.00862068,-0.00997918,0.00647196,0.00650637,1.90715e-05
197,1,0.000158721,-1.49392e-05,0,-3.14579e-10,-8.65136e-10,0,0.00042,-0.0385321,0.000921332,-0.00973428,0.00666739,0.00523612,1.2658e-05
117,1,0.000154826,-2.30926e-05,0,3.30351e-10,-1.34191e-09,0,0.00054,-0.024884,0.00548781,-0.0097058,0.00758271,0.00511033,-5.37633e-06
145,1,0.000171627,-2.06689e-05,0,-7.13515e-10,-1.26494e-09,0,0.0005,0.0265075,-0.00478707,-0.0232479,0.00719483,0.0059345,-3.07296e-05
114,1,0.000167469,-3.14048e-05,0,8.04524e-10,-2.05777e-09,0,0.00054,0.0205394,-0.0169491,-0.0226464,0.00823149,0.00590078,-4.55597e-05
171,1,0.000151054,-3.3692e-05,0,1.63401e-09,-1.54901e-09,0,0.00048,-0.00399602,-0.0165795,-0.00115652,0.0086612,0.00500917,-2.43024e-05
96,1,0.000159331,-4.41532e-05,0,4.86943e-09,-3.92309e-09,0,0.00058,0.0158721,0.0239946,-0.0217119,0.0093894,0.00570716,-1.47472e-05
158,1,0.00017487,-3.83168e-05,0,1.02553e-09,-2.05883e-09,0,0.00048,-0.0393527,0.0123552,-0.00376746,0.00893261,0.00654945,4.23607e-05
98,1,0.000160685,-5.56292e-05,0,4.87472e-09,-4.466e-09,0,0.00058,0.0110549,-0.000379038,-0.00368722,0.0102066,0.00648771,-5.04024e-06
109,1,0.000160864,-5.16313e-05,0,3.2518e-09,-5.09844e-09,0,0.00054,-0.00955489,-0.0242037,0.0145013,0.0104417,0.00550481,-2.57589e-05
190,1,0.000164328,-2.55083e-05,0,1.62461e-09,-9.42229e-10,0,0.00044,-0.00153637,0.0690778,0.0740654,0.0115376,0.00500866,2.78794e-05
151,1,0.000154556,-4.31338e-05,0,4.58721e-10,-2.98508e-09,0,0.0005,-0.0127594,0.0110835,-0.0126387,0.0113551,0.00587642,2.72027e-05
164,1,0.00014144,7.47675e-06,0,-1.35932e-09,-2.92918e-09,0,0.00048,0.0464235,0.0223492,0.128364,0.0121111,0.00643268,2.01859e-05
152,1,0.00016024,2.73592e-05,0,8.3382e-11,2.33046e-10,0,0.0005,0.0522086,-0.0540226,0.0242103,0.0124191,0.00509636,-2.6529e-06
184,1,0.000189574,4.06241e-05,0,-1.27836e-09,2.84251e-10,0,0.00046,-0.0899356,0.000936521,0.0155672,0.0127621,0.00592405,1.76588e-05
173,1,0.000181514,3.43266e-05,0,-1.2991e-09,5.0037e-09,0,0.00048,0.0216864,0.0671862,-0.0265296,0.0133591,0.00531086,4.476e-05
189,1,0.000204485,3.26709e-05,0,-1.23225e-09,4.21658e-09,0,0.00044,-0.00592622,-0.0173246,-0.0390212,0.0135961,0.00609622,-2.41619e-05
134,1,0.000192507,1.81125e-05,0,-1.92986e-09,1.04615e-08,0,0.00052,-0.000373098,0.0202955,-0.00844319,0.0144035,0.00564518,-4.22335e-05
187,1,0.000227348,2.19092e-05,0,2.22981e-10,6.75028e-09,0,0.00046,0.00355844,0.0180043,-0.0800982,0.0143438,0.00651485,4.20701e-05
154,1,0.000188462,1.51269e-05,0,5.28664e-10,8.0697e-09,0,0.0005,-0.0208634,-0.0107821,-0.00948019,0.0151588,0.00508202,2.90979e-05
133,1,0.000206417,2.0566e-05,0,1.02863e-09,9.05737e-09,0,0.00052,0.012936,-0.0158853,-0.025645,0.0153368,0.0060463,2.24799e-05
146,1,0.000195411,7.66882e-06,0,7.41321e-10,7.46307e-09,0,0.0005,0.00414881,0.00295441,-0.0137726,0.0160719,0.0054329,1.83575e-05
156,1,0.000217197,5.28656e-06,0,1.74587e-09,7.40257e-09,0,0.0005,0.000881847,0.0187412,-0.0290193,0.0162786,0.00629969,-1.8988e-06
169,1,0.000194988,-1.9911e-06,0,-1.2867e-09,7.30577e-09,0,0.00048,0.000781266,-0.00489738,-0.0135247,0.0169327,0.00510234,2.60985e-05
170,1,0.000207776,-7.3318e-07,0,1.20258e-09,5.37287e-09,0,0.00048,-0.00680758,-0.0153054,-0.0032003,0.0171185,0.00597421,-4.71426e-05
148,1,0.000196798,5.61988e-07,0,1.45345e-10,2.36445e-09,0,0.0005,0.0295602,-0.00712802,-0.0126948,0.0178416,0.00546204,3.81834e-05
106,1,0.000213575,-5.31892e-07,0,2.73515e-09,3.36485e-09,0,0.00056,-0.0227561,-0.00402929,-0.0202212,0.0180188,0.00644157,-2.02095e-05
137,1,0.000203679,6.05154e-07,0,1.00135e-09,2.38359e-09,0,0.0005,0.000683314,0.0254651,0.0115144,0.0187533,0.00579185,-4.83823e-05
147,1,0.000196886,-2.49275e-06,0,-1.4193e-09,1.82562e-09,0,0.0005,-0.0554221,0.0202343,-0.027804,0.0194148,0.00515875,-2.4127e-05
196,1,0.000218032,-7.62695e-06,0,-1.27212e-09,2.14259e-09,0,0.00042,0.0522845,-0.0900162,-0.0229904,0.019654,0.00595916,3.21564e-05
143,1,0.000227222,-7.43935e-06,0,-1.1176e-09,4.41339e-09,0,0.0005,0.00108546,0.011142,0.0132278,0.01915,0.00664095,3.12852e-05
112,1,0.000211095,4.53414e-06,0,7.01112e-10,6.72533e-10,0,0.00054,0.019964,-0.0312863,-0.0222931,0.000947266,0.00740831,3.67542e-05
132,1,0.000214639,-5.21252e-06,0,-1.75143e-10,3.93024e-09,0,0.00052,-0.0513424,0.0637713,0.0115041,0.00017491,0.00669102,7.74856e-06
124,1,0.000252611,-1.16295e-05,0,6.63606e-10,4.77493e-09,0,0.00052,0.00668602,0.0133557,-0.0117084,0.000134381,0.00824955,7.98975e-06
111,1,0.000216491,7.35831e-06,0,-4.59608e-10,-2.66446e-10,0,0.00054,-0.00888091,-0.00491195,-0.0319406,0.00201586,0.00751291,-1.8846e-05
188,1,0.000209498,8.83321e-06,0,-8.95685e-10,-7.08133e-10,0,0.00044,0.00377154,-0.0168396,-0.0555568,0.00297875,0.00727102,-2.9739e-05
104,1,0.00022943,8.54794e-06,0,-1.30073e-09,-1.08123e-09,0,0.00056,-0.00161038,-0.0055588,0.00708884,0.00283122,0.0081752,-3.81694e-05
186,1,0.000217854,6.83591e-06,0,-1.09985e-09,-1.1217e-09,0,0.00046,-0.00356235,0.00763386,-0.0302597,0.00368527,0.00776582,2.59556e-05
141,1,0.000198563,6.8906e-06,0,-1.33175e-09,-1.63526e-09,0,0.0005,0.00146354,0.0183358,-0.00502857,0.00380398,0.00691034,-4.89198e-05
120,1,0.000205347,3.9438e-06,0,-2.19607e-09,-1.67216e-09,0,0.00052,0.0071739,0.00102874,-0.0270249,0.00479884,0.00718644,-3.20614e-05
304,1,0.000217791,4.77524e-06,0,-9.7506e-10,-6.59556e-10,0,0.00042,-0.00592936,-0.00750307,0.0129461,0.00446374,0.00799841,-2.04116e-05
232,1,0.000215055,-2.69476e-06,0,-1.92809e-09,-1.41289e-09,0,0.00052,-0.00816108,-0.00285951,-0.0017432,0.00538545,0.00799199,1.47771e-05
155,1,0.00020162,-6.65852e-06,0,-1.9884e-09,-1.37042e-09,0,0.0005,0.0152879,-0.00466711,-0.0252396,0.00592399,0.00726532,-2.80691e-05
126,1,0.000215725,-1.24591e-05,0,-1.90587e-09,-9.06972e-10,0,0.00052,-0.0123135,0.00535082,-0.0101891,0.00640316,0.00811604,-2.4969e-05
130,1,0.000198939,-1.84591e-05,0,-1.6881e-09,-1.24016e-09,0,0.00052,0.00277595,0.00510208,-0.021622,0.00698578,0.00735696,2.2788e-05
163,1,0.000184017,-2.59407e-05,0,-4.92782e-10,-1.01533e-09,0,0.00048,-0.0211832,0.0137019,-0.00562481,0.00767017,0.00671322,-2.4844e-05
183,1,0.000208555,-2.70322e-05,0,-8.66086e-10,-7.15585e-10,0,0.00046,-0.00750579,-0.0100684,-0.0107208,0.00772135,0.00792047,4.85236e-05
128,1,0.000191799,-3.29321e-05,0,-5.18534e-10,-2.15783e-09,0,0.00052,0.027542,-0.00485744,-0.0221505,0.00841362,0.00730599,-3.30909e-05
116,1,0.000183963,-4.71176e-05,0,9.16223e-10,-3.21923e-09,0,0.00054,0.0213124,-0.0348832,-0.0303674,0.00954533,0.0072788,-3.07794e-05
291,1,0.00020744,-4.02058e-05,0,-5.18692e-10,-1.43791e-09,0,0.00046,-0.0133172,0.0231803,-0.0194783,0.00899279,0.00800062,-3.5681e-05
243,1,0.000212396,-5.36063e-05,0,-9.77848e-10,-1.90232e-09,0,0.0005,-0.0386478,0.0194161,-0.0253687,0.00996988,0.00814875,-4.5525e-06
247,1,0.000175578,-6.437e-05,0,6.53418e-10,-1.25683e-09,0,0.0005,1.20974e-05,0.0334072,-0.0506162,0.0105704,0.0074408,-3.2558e-05
150,1,0.000141469,-5.80427e-05,0,3.58813e-10,-1.88731e-09,0,0.0005,0.0145744,-0.0500504,0.0210951,0.0112873,0.00683897,-1.6913e-05
123,1,0.000254369,-9.06091e-05,0,-5.23488e-09,-1.25644e-10,0,0.00052,4.77484e-05,0.0387997,0.0413275,0.0115841,0.00778819,-3.94419e-05
300,1,0.000225052,-7.91222e-05,0,-1.34046e-09,7.21977e-11,0,0.00042,-0.00131747,-0.0360548,-0.0377717,0.0108363,0.00828199,-2.70922e-06
144,1,0.000336946,-2.15083e-05,0,-5.65804e-09,-2.2755e-09,0,0.0005,-0.0171466,-0.0278954,0.207194,0.0123764,0.00728876,1.64328e-05
161,1,0.000277531,5.44451e-05,0,-3.9015e-09,1.1102e-09,0,0.00048,-0.013804,0.0156043,-0.00806998,0.0131572,0.00779252,-2.82612e-05
118,1,0.000245755,4.32217e-05,0,-2.99141e-09,4.96613e-09,0,0.00054,0.00682362,-0.0102136,-0.0545497,0.0134853,0.00694814,-4.22073e-05
119,1,0.000253863,2.55918e-05,0,-2.07541e-09,7.71794e-09,0,0.00054,-0.0124624,0.00242447,0.00854379,0.0143954,0.00741933,-3.70828e-05
176,1,0.000267246,2.86584e-05,0,-4.25504e-09,2.06033e-09,0,0.00046,0.0325678,-0.00386183,-0.0316349,0.0139893,0.0081491,4.21792e-05
296,1,0.000269844,1.98937e-05,0,-2.24244e-09,1.95005e-09,0,0.00044,0.00304134,0.00534387,0.00410524,0.0148294,0.00827827,-3.96098e-06
166,1,0.000238227,2.39316e-05,0,1.42322e-09,8.13699e-09,0,0.00048,-0.011417,0.00967674,-0.0339383,0.015158,0.00694089,-3.83096e-05
191,1,0.000258735,1.75572e-05,0,7.13537e-10,3.80526e-09,0,0.00044,0.0150605,-0.0105159,-0.0257771,0.0155435,0.00790993,-1.89411e-05
113,1,0.00024001,1.062e-05,0,3.4919e-09,7.5786e-09,0,0.00054,-0.0027665,-0.00882939,-0.0104074,0.0160681,0.00718515,-3.33274e-05
136,1,0.000251772,5.46881e-06,0,2.14099e-09,5.0003e-09,0,0.0005,-0.0134473,-0.0133342,-0.0150879,0.0167058,0.00787227,-3.46879e-05
108,1,0.000226834,2.60173e-06,0,5.05009e-09,7.88216e-09,0,0.00054,0.00896945,0.00907898,-0.0271246,0.0170729,0.00691877,-1.46308e-05
175,1,0.000246806,-2.46899e-06,0,1.52844e-09,4.82967e-09,0,0.00046,0.00317312,0.0159404,-0.00697257,0.0175801,0.00769436,2.46256e-05
198,1,0.000252102,-5.85493e-06,0,6.60576e-10,3.60481e-09,0,0.00042,0.00589169,-0.00775379,-0.00366287,0.0181918,0.00824584,-3.99128e-05
97,1,0.000237963,-8.32405e-06,0,2.02857e-09,8.73444e-09,0,0.00058,0.0070209,-0.0180127,-0.0205834,0.0184883,0.00738634,-1.12464e-05
138,1,0.000232944,-5.76071e-06,0,1.27798e-09,5.20225e-09,0,0.0005,0.00522043,0.00216752,-0.0336213,0.0196238,0.00744731,1.72877e-05
127,1,0.000248212,-5.40863e-06,0,7.68608e-10,6.29144e-09,0,0.00052,-0.0142992,0.00794486,0.00609578,0.0191066,0.00820897,-4.70278e-05
178,1,0.00024867,-3.03688e-06,0,5.15826e-11,9.77886e-10,0,0.00046,0.00456183,-0.0101022,0.0247685,0.0010364,0.00839105,-4.92713e-05
241,1,0.00024355,3.72466e-06,0,-1.3263e-10,4.05046e-10,0,0.0005,-0.00782892,0.00194637,-0.000681214,0.00152783,0.00913969,4.93873e-05
264,1,0.000267826,4.94685e-06,0,-6.377e-10,9.9793e-10,0,0.00048,0.00679631,-0.00415683,-0.0471194,0.00090651,0.0098534,3.54547e-06
302,1,0.000257191,-1.71786e-06,0,7.30524e-10,1.36566e-09,0,0.00042,0.00244918,0.0178736,0.0316551,0.000446292,0.00910951,-1.11344e-05
199,1,0.000236718,7.59748e-06,0,-2.65685e-10,9.90773e-12,0,0.00042,0.0073327,0.0101255,-0.004996,0.00189829,0.00837708,-4.45245e-05
276,1,0.000247022,6.72714e-06,0,-2.79959e-10,-4.10573e-10,0,0.00048,-0.00233534,-0.00856335,-0.00214879,0.00221276,0.00972677,7.96265e-06
297,1,0.00023837,7.00053e-06,0,-4.15061e-10,-3.4896e-10,0,0.00044,0.00565589,-1.2848e-05,-0.016561,0.00245301,0.00897067,-4.34141e-05
201,1,0.000246562,4.45059e-06,0,-1.13231e-09,-1.21449e-09,0,0.00058,-0.000901232,0.00568097,-0.00176193,0.00319951,0.0096022,-9.33208e-06
229,1,0.00023914,4.41503e-06,0,-1.41967e-09,-1.15484e-09,0,0.00052,0.00194527,-0.00489758,-0.0121006,0.00377417,0.00868622,-1.57412e-05
206,1,0.000229967,2.62426e-06,0,-2.00356e-09,-1.43356e-09,0,0.00056,0.00547593,0.00540593,-0.0286338,0.00486608,0.0087991,-2.37608e-06
224,1,0.000246314,5.8986e-06,0,-1.25757e-09,-1.28458e-09,0,0.00054,-0.00780488,-0.00569924,0.000485118,0.0042526,0.00957333,-3.72943e-05
205,1,0.000249408,-4.44759e-06,0,-1.75591e-09,-1.18795e-09,0,0.00056,-0.00510188,-0.0056463,-0.0162521,0.00538725,0.00967587,-1.82378e-05
281,1,0.000230602,-7.79811e-06,0,-1.30262e-09,-7.30347e-10,0,0.00046,0.00775145,0.0027626,-0.0198949,0.0058609,0.00884379,3.24679e-05
249,1,0.000238934,-1.64936e-05,0,-1.5972e-09,-4.35748e-10,0,0.0005,-0.00207926,-0.0051003,-0.0128976,0.00667482,0.00932035,-2.10203e-05
288,1,0.000222966,-2.18951e-05,0,-1.37969e-09,-6.2363e-10,0,0.00046,0.0145718,-0.00591357,-0.0189713,0.00718735,0.00859027,-4.57402e-05
260,1,0.000237016,-2.97076e-05,0,-1.42525e-09,-7.76356e-10,0,0.0005,-0.00738681,0.0150903,-0.0196758,0.00767277,0.00934595,-3.04875e-05
221,1,0.000220783,-3.24441e-05,0,-1.70479e-09,-1.59965e-09,0,0.00054,-0.002637,-0.00294851,-0.0113786,0.00833428,0.00864375,-4.73944e-05
203,1,0.000243636,-3.38282e-05,0,-2.31422e-09,-1.44552e-09,0,0.00058,-0.00592735,-0.0106047,-0.035247,0.00869362,0.00963473,3.09174e-06
235,1,0.000224075,-4.70448e-05,0,-1.54112e-09,-1.70127e-09,0,0.00052,0.0183798,0.00174822,-0.0142812,0.00932857,0.00882664,1.54215e-05
244,1,0.0002387,-5.77994e-05,0,-1.7582e-09,-8.80818e-10,0,0.0005,-0.0151688,0.00965973,-0.0149993,0.00972589,0.00966349,-9.05165e-06
255,1,0.000231971,-6.2994e-05,0,-2.28087e-09,-7.58336e-10,0,0.0005,0.0361805,-0.0300894,-0.00483717,0.0103624,0.00899537,1.70983e-05
248,1,0.000229072,-7.96987e-05,0,-3.50691e-09,4.25882e-10,0,0.0005,-0.00531219,0.0269493,0.00822333,0.011588,0.00872933,4.46827e-05
269,1,0.00023599,-6.44582e-05,0,-2.3648e-09,2.2062e-10,0,0.00048,-0.0255483,0.0416315,-0.0140158,0.0111518,0.009488,4.26166e-05
263,1,0.00023995,-2.16081e-05,0,-2.96661e-09,1.15268e-09,0,0.0005,-0.000588602,-0.0575291,0.0840228,0.012028,0.00984263,-4.17269e-05
259,1,0.000254884,-2.63477e-06,0,-5.35655e-09,1.35188e-10,0,0.0005,0.0774773,-0.0677566,0.156738,0.0124324,0.00834199,-2.56433e-05
208,1,0.000278546,3.12324e-05,0,-7.64361e-09,1.62638e-10,0,0.00056,-0.061771,0.0958781,0.058984,0.0128114,0.00931116,-1.3764e-05
174,1,0.000283712,4.9033e-05,0,-5.10235e-09,6.24767e-10,0,0.00046,0.0196937,-0.0475274,-0.0366851,0.0133375,0.00861614,4.29821e-06
211,1,0.000307074,2.08234e-05,0,-3.75551e-09,6.05365e-10,0,0.00056,0.0183618,0.00620943,-0.028315,0.0139639,0.00997094,-3.84248e-05
209,1,0.000285266,2.13511e-05,0,-5.2844e-09,1.6454e-09,0,0.00056,-0.025196,0.0245801,-0.0164457,0.0142428,0.00902368,1.49646e-05
280,1,0.000299318,1.25099e-05,0,-2.37731e-09,1.11863e-09,0,0.00046,0.0334548,-0.00400913,-0.0191832,0.0149443,0.00994297,4.71162e-05
226,1,0.000284128,1.29745e-05,0,-1.64456e-09,2.87818e-09,0,0.00052,-0.0173973,-0.0254045,-0.00512386,0.0152749,0.00909102,2.41907e-05
214,1,0.000271945,9.16692e-06,0,6.55947e-10,6.18984e-09,0,0.00054,0.00558238,0.0273193,-0.0133039,0.0161437,0.00863282,2.66777e-05
204,1,0.000292637,8.71517e-06,0,-3.6357e-09,6.33955e-09,0,0.00058,-0.000245193,0.00095262,-0.0105872,0.0159653,0.00989532,3.19371e-06
287,1,0.000280174,4.21182e-06,0,-5.54449e-10,3.78488e-09,0,0.00046,0.00929309,-0.00847627,-0.00928455,0.0167648,0.00933742,7.50784e-06
100,1,0.000263396,-1.5936e-07,0,1.24509e-09,8.45022e-09,0,0.00056,-0.00234138,0.00111536,-0.0191364,0.017355,0.00861102,-3.38667e-05
231,1,0.000279192,-2.77956e-06,0,-7.85624e-10,6.53097e-09,0,0.00052,-0.00572686,-0.016866,-0.0088001,0.0178144,0.00949099,4.87165e-05
181,1,0.000265312,-8.65343e-06,0,1.60097e-10,5.02505e-09,0,0.00046,-0.000236557,0.022564,-0.0287728,0.0185661,0.00895798,5.5329e-07
273,1,0.000285222,-9.65974e-06,0,-1.09596e-09,5.44915e-09,0,0.00048,0.00907224,0.0174174,-0.00974835,0.0187474,0.00979639,1.2865e-05
129,1,0.000266958,-6.08206e-06,0,5.76668e-11,5.93627e-09,0,0.00052,0.0068342,-0.0147223,-0.0473841,0.01952,0.00907898,-1.04316e-05
258,1,0.000287439,1.72591e-05,0,-4.28038e-10,-5.02001e-10,0,0.0005,-0.00238974,-0.00982098,0.00146772,0.00122076,0.0112025,4.36203e-05
245,1,0.00028925,9.53977e-06,0,-7.22561e-10,1.17333e-09,0,0.0005,-0.00582999,0.00232715,0.00729256,0.000487067,0.0106922,9.49774e-06
225,1,0.000266345,1.55673e-05,0,-4.11494e-10,-9.38525e-10,0,0.00054,0.000759117,0.0103581,-0.0396575,0.00171493,0.0104388,-4.18982e-05
213,1,0.000286587,1.14106e-05,0,-7.86525e-10,-1.33828e-09,0,0.00056,0.0111137,0.0100982,-0.00657105,0.00220067,0.0113456,3.44228e-06
286,1,0.000259063,8.90985e-06,0,-6.51781e-10,-5.25998e-10,0,0.00046,-0.00303883,0.00125082,-0.0262545,0.00271655,0.0104657,4.40746e-05
279,1,0.000279144,5.80988e-06,0,-4.79607e-10,-6.33114e-10,0,0.00046,-0.00376124,-0.0132863,-0.0124996,0.00312314,0.0112195,1.46648e-06
207,1,0.000260335,-3.239e-07,0,-1.04798e-09,-9.51369e-10,0,0.00056,0.00889836,0.00570378,-0.0233876,0.00378319,0.010516,-2.79071e-05
216,1,0.000283282,-7.01084e-06,0,-9.80161e-10,-4.96714e-10,0,0.00054,-0.00698885,0.00716871,-0.0199406,0.00401175,0.0115103,-1.27408e-05
289,1,0.000260679,6.60917e-06,0,-7.35302e-10,-6.97478e-10,0,0.00046,0.0081795,0.00437481,-0.0209311,0.0047217,0.0103736,-3.34068e-05
290,1,0.000283376,5.02406e-06,0,-9.05493e-10,-5.29612e-10,0,0.00046,-0.00721254,-0.0032266,-0.0289758,0.00490241,0.0112065,-3.49974e-05
257,1,0.00026701,-5.76438e-06,0,-1.09351e-09,-4.75242e-10,0,0.0005,0.00428281,6.77359e-05,-0.0124818,0.0055872,0.0106153,-4.99548e-05
295,1,0.000258467,-1.4094e-05,0,-7.09235e-10,-7.37431e-11,0,0.00044,0.00551815,-0.00457375,-0.0280698,0.0062893,0.010109,8.34147e-06
218,1,0.000276435,-1.81978e-05,0,-1.24948e-09,-9.31831e-11,0,0.00054,-0.00313106,0.0074713,-0.00388535,0.00662705,0.0109827,-2.12959e-05
294,1,0.00028642,-1.00357e-05,0,-7.83523e-10,-1.05653e-10,0,0.00044,-0.00574231,-0.00507038,-0.0330141,0.0058265,0.0114043,-3.47829e-05
237,1,0.00026019,-2.21564e-05,0,-1.19808e-09,-2.70436e-10,0,0.00052,-0.00258953,0.00242038,-0.0298398,0.00721369,0.0101609,-3.49785e-05
254,1,0.000279597,-2.55302e-05,0,-1.09704e-09,1.15834e-10,0,0.0005,0.000564221,-0.00813693,-0.00634579,0.00760409,0.0110412,2.14731e-05
236,1,0.000273024,-2.53229e-05,0,-1.2931e-09,-2.14941e-10,0,0.00052,0.00981659,0.00204956,-0.0134945,0.00838377,0.0105706,9.56966e-07
212,1,0.000301369,-3.42753e-05,0,-1.79238e-09,-2.53426e-10,0,0.00056,-0.00916419,-0.00335878,-0.0371034,0.00897252,0.0113964,-1.47463e-05
261,1,0.000265695,-4.98896e-05,0,-1.30726e-09,-5.81706e-10,0,0.0005,0.0131547,-0.00351375,-0.042721,0.00937442,0.0105032,-1.60515e-05
219,1,0.000250672,-5.00569e-05,0,-2.63489e-09,4.70247e-11,0,0.00054,0.00988076,-0.0544773,-0.0499981,0.0104689,0.0109065,-9.96495e-06
299,1,0.000234856,-5.91523e-05,0,-1.42969e-09,-4.23787e-11,0,0.00044,-0.00709066,-0.0218171,0.0116416,0.0104882,0.0100168,-7.6113e-06
230,1,0.000229976,-5.61042e-05,0,-2.4587e-09,3.32141e-10,0,0.00052,0.0314372,0.0322971,0.00763827,0.0112948,0.0103993,-2.75196e-05
256,1,0.000265173,-4.86661e-05,0,-2.01224e-09,2.86957e-10,0,0.0005,-0.0182828,0.0162993,-0.077809,0.0115001,0.0112924,1.39627e-05
266,1,0.000293474,-8.32234e-06,0,-2.26326e-09,1.32227e-11,0,0.00048,0.018089,-0.0209514,0.21211,0.0122277,0.0107695,-3.81409e-05
246,1,0.000304891,3.03262e-05,0,-2.84353e-09,-5.87389e-10,0,0.0005,0.0732583,-0.0358057,-0.108045,0.0129782,0.0102679,-1.72888e-05
234,1,0.000314131,-2.01439e-05,0,-2.40214e-09,-2.5365e-10,0,0.00052,-0.046745,0.0165145,0.0469149,0.0129091,0.0114401,1.50647e-05
220,1,0.000322222,8.73287e-06,0,-3.22432e-09,-2.05662e-10,0,0.00054,-0.0404125,0.0446048,0.0190669,0.0137026,0.0109217,1.79805e-07
301,1,0.0003144,1.35031e-05,0,-1.51429e-09,4.69233e-10,0,0.00042,-0.02999,-0.0266654,-0.00647641,0.0145536,0.010673,2.7353e-05
272,1,0.000312954,1.00787e-05,0,-2.06733e-09,2.4432e-10,0,0.00048,0.020515,0.00566017,0.00779593,0.0147146,0.0115038,5.40968e-06
253,1,0.000303883,9.45188e-06,0,-2.26749e-09,2.69239e-09,0,0.0005,-0.0139008,0.0196415,-0.000444035,0.0153949,0.0107523,-4.24369e-05
202,1,0.000298477,5.71446e-06,0,-2.76893e-09,6.25423e-09,0,0.00058,-0.00899377,-0.0188413,-0.00566608,0.0164194,0.0108934,6.96845e-06
270,1,0.000304783,8.26737e-06,0,-1.84165e-09,2.36203e-09,0,0.00048,0.0235492,0.0162004,-0.00411108,0.0157452,0.0116243,5.57899e-06
227,1,0.000288802,1.47773e-06,0,-1.77862e-09,5.82508e-09,0,0.00052,0.00222263,0.0233278,-0.0105045,0.0171287,0.0101616,4.80946e-05
277,1,0.000289927,-5.20123e-06,0,-1.29813e-09,4.81278e-09,0,0.00048,-0.00636749,-0.0232668,-0.00693393,0.0180553,0.0104127,4.42072e-05
284,1,0.000295265,-1.72135e-06,0,-1.14992e-09,3.77106e-09,0,0.00046,0.0111121,0.0216297,-0.00562929,0.0173904,0.0110222,4.66205e-05
228,1,0.000294985,-7.0189e-06,0,-1.3e-09,5.17089e-09,0,0.00052,-0.000678326,-0.0141827,-0.00193491,0.0182887,0.0113222,-2.7703e-05
285,1,0.000292185,-9.03204e-06,0,-9.24706e-10,4.01165e-09,0,0.00046,3.76607e-05,0.020428,-0.00553908,0.0189233,0.0106609,1.30127e-05
200,1,0.000290206,-5.44009e-06,0,-2.2103e-09,7.03132e-09,0,0.00058,-0.00913448,-0.0124185,0.00934579,0.0197204,0.0100819,1.74262e-06
274,1,0.000292348,-8.85968e-07,0,-6.31769e-10,2.23322e-09,0,0.00048,0.0156369,-0.00540517,0.02027,0.019663,0.0111452,1.26179e-05
278,1,0.000295298,1.76655e-05,0,-4.64322e-10,-9.36448e-10,0,0.00048,-0.00742985,-0.0186174,-0.0129859,0.00148016,0.0120552,6.77892e-06
267,1,0.00030034,2.04942e-05,0,-4.17267e-10,-8.19526e-10,0,0.00048,0.0118329,0.0183831,-0.00644731,0.000794768,0.0126144,-3.43726e-05
268,1,0.000308822,1.94487e-05,0,-5.01566e-10,-1.27566e-09,0,0.00048,0.0023653,-0.00850925,-3.96754e-05,0.00163284,0.0129643,-3.85877e-05
217,1,0.000294499,1.35665e-05,0,-3.01128e-10,3.49278e-11,0,0.00054,0.0017141,0.0127062,-0.00576399,0.000447921,0.0117182,4.99362e-05
240,1,0.00029788,1.16061e-05,0,-6.77626e-10,-1.14261e-09,0,0.00052,-0.0102547,0.00906821,-0.00935575,0.00237127,0.0123335,1.56753e-06
282,1,0.00029426,4.53221e-06,0,-7.75612e-10,-5.90147e-10,0,0.00046,0.00278762,-0.00657624,-0.0160443,0.00326072,0.0120683,3.49515e-06
215,1,0.000323879,8.25118e-06,0,-1.18865e-09,-1.30118e-09,0,0.00054,0.0134516,0.00969732,-0.0411533,0.00255607,0.0132734,8.09002e-06
271,1,0.000313997,-7.81973e-06,0,-1.05555e-09,-3.94664e-10,0,0.00048,-0.0027457,0.0083507,-0.0320956,0.00380036,0.0127301,1.51186e-05
400,1,0.000299534,-1.57052e-05,0,-6.93239e-10,3.63035e-11,0,0.00042,0.00840932,-0.0129548,-0.0141783,0.0044857,0.0122391,4.10288e-05
369,1,0.000320914,-1.49448e-05,0,-1.17776e-09,2.37639e-10,0,0.00048,-0.0097423,0.00219306,-0.028553,0.00471149,0.0130006,-4.99274e-05
283,1,0.0003024,-7.43977e-07,0,-1.01734e-09,-2.38113e-10,0,0.00046,0.00800576,0.00323692,-0.0147681,0.00525354,0.0119902,-2.24734e-05
371,1,0.000319284,-1.00276e-05,0,-1.33007e-09,7.50199e-11,0,0.00048,-0.00766705,-0.000607624,-0.0250728,0.00558686,0.0127975,-3.7354e-05
338,1,0.000304928,-1.7547e-05,0,-1.51381e-09,2.22527e-10,0,0.00052,0.00318889,0.00321156,-0.00933398,0.00622835,0.0121645,-2.52694e-05
359,1,0.000315832,-2.54415e-05,0,-1.37235e-09,3.30854e-10,0,0.0005,-0.00129931,-0.00347999,-0.0178353,0.00693767,0.0128132,-4.84058e-07
223,1,0.000298164,-2.68529e-05,0,-1.83325e-09,2.41172e-10,0,0.00054,0.00344458,-0.00353151,-0.0182934,0.00716943,0.0118751,-4.9699e-05
298,1,0.000301195,-3.91496e-05,0,-9.21427e-10,2.09868e-10,0,0.00044,0.00413366,0.00196564,-0.010989,0.00811284,0.0117839,7.82155e-06
392,1,0.000311519,-3.66262e-05,0,-9.50087e-10,1.36826e-10,0,0.00044,-0.00532549,0.00404482,-0.0124833,0.00779517,0.0125532,6.46138e-06
363,1,0.000320911,-4.00386e-05,0,-1.21289e-09,1.86593e-10,0,0.00048,0.00781557,-0.0103035,-0.00648044,0.00854291,0.0132896,-1.17246e-06
396,1,0.000312175,-4.19277e-05,0,-9.68273e-10,1.85667e-10,0,0.00044,-0.0057808,-0.00169834,-0.00609257,0.00861537,0.0124525,-4.8395e-05
252,1,0.000315053,-3.45038e-05,0,-1.64272e-09,1.23907e-10,0,0.0005,0.00769112,-0.000969158,0.0149601,0.00944899,0.0122426,-3.72359e-05
322,1,0.000317177,-3.34559e-05,0,-1.8732e-09,1.08788e-10,0,0.00054,-0.00605101,0.0111798,-0.00898064,0.0095372,0.0131849,-5.27218e-06
265,1,0.000301901,-3.56868e-05,0,-1.74688e-09,-5.04547e-11,0,0.00048,0.0125887,-0.0116066,-0.0490975,0.010164,0.0117384,-4.13942e-05
331,1,0.000315107,-2.96411e-05,0,-1.86094e-09,3.47736e-11,0,0.00052,-0.0112793,-8.47746e-05,0.0110153,0.0103269,0.0126539,-4.1589e-05
239,1,0.000306925,-2.90578e-05,0,-2.14853e-09,8.78909e-12,0,0.00052,0.0144576,-0.00454,-0.021249,0.0110782,0.0120989,2.195e-05
377,1,0.000312483,-3.12501e-05,0,-1.30655e-09,7.30494e-12,0,0.00046,-0.0269937,-0.00285337,-0.00174251,0.0116233,0.0128747,2.70269e-05
210,1,0.00030524,-4.15127e-05,0,-2.75158e-09,-1.35145e-10,0,0.00056,0.0240236,0.00117402,-0.00232353,0.0121239,0.0120642,-2.83946e-05
293,1,0.000302607,-1.51042e-05,0,-1.32844e-09,-1.11828e-10,0,0.00044,0.0479376,-0.0142665,-0.0156426,0.013066,0.0123012,4.3363e-05
328,1,0.00031194,-2.18433e-05,0,-2.0209e-09,-1.3046e-10,0,0.00052,-0.0267998,-0.000718783,0.0078909,0.0125542,0.0129793,2.96183e-05
317,1,0.00031518,-8.06699e-06,0,-2.60549e-09,-7.00306e-11,0,0.00054,-0.0479889,-0.00530045,0.0116878,0.0135706,0.0130769,-8.8818e-06
238,1,0.000312995,6.23624e-06,0,-2.58101e-09,-2.58672e-10,0,0.00052,0.0434779,-0.0313011,-0.00273228,0.0138397,0.0118807,2.84116e-05
262,1,0.000313332,4.79752e-06,0,-2.45817e-09,-7.71115e-11,0,0.0005,-0.0366789,0.0505637,0.00643529,0.0144353,0.0126323,-3.24457e-07
303,1,0.000309729,8.31661e-06,0,-1.3181e-09,5.65869e-10,0,0.00042,-0.0309256,-0.0214217,-0.00290109,0.0151837,0.0122201,-2.60666e-05
292,1,0.000310311,6.87538e-06,0,-1.83396e-09,4.73243e-10,0,0.00044,0.0274868,-0.0288825,-0.000443607,0.0153072,0.0130237,-2.9504e-05
250,1,0.00030323,4.34848e-06,0,-1.90667e-09,3.2281e-09,0,0.0005,0.0041793,-0.010221,-0.00699006,0.0166525,0.0118623,-2.60959e-05
233,1,0.000306699,8.01137e-06,0,-2.61719e-09,2.3376e-09,0,0.00052,-0.00916899,0.0126788,0.00182441,0.0160373,0.0125451,1.74786e-05
320,1,0.000304754,3.78121e-07,0,-2.80955e-09,3.98264e-09,0,0.00054,-0.00335572,0.00985652,-0.00344498,0.0171783,0.0127399,2.61725e-05
275,1,0.000298997,-4.22455e-06,0,-1.25585e-09,3.62432e-09,0,0.00048,-0.00381783,0.0134732,-0.00967774,0.0175462,0.0118598,3.55182e-05
251,1,0.000296883,-1.28126e-05,0,-7.22401e-10,2.7926e-09,0,0.0005,0.0184173,-0.00236539,-0.00199759,0.0182448,0.0123831,2.40728e-05
357,1,0.000295702,-2.5727e-05,0,6.60065e-11,1.33928e-09,0,0.0005,0.0106198,0.0225141,-0.0107926,0.018994,0.0129034,-1.09524e-05
242,1,0.000296074,-1.13486e-05,0,-6.90136e-10,2.63852e-09,0,0.0005,-0.0173607,0.00419667,-0.00925015,0.0190724,0.0118794,1.14157e-05
222,1,0.000291957,-1.64492e-06,0,-2.28293e-10,3.69803e-10,0,0.00054,0.000123639,-0.0195308,0.0389626,0.019842,0.0124878,-2.41459e-05
325,1,0.000329346,2.44745e-05,0,-7.06896e-10,-1.92774e-09,0,0.00054,-0.0101825,0.0115517,-0.0382948,0.00083757,0.013558,-1.68329e-05
394,1,0.00036435,3.07608e-05,0,-3.45791e-10,-1.40144e-09,0,0.00044,-0.00128592,0.0627431,-0.0336278,0.000645394,0.014434,-1.70971e-05
379,1,0.00032643,2.36665e-05,0,-1.03748e-09,-8.84214e-10,0,0.00046,-0.00614811,-0.0160774,-0.0305214,0.00177698,0.0138707,-3.30003e-06
324,1,0.000374896,1.54853e-05,0,-2.24049e-09,-6.02705e-10,0,0.00054,0.00207087,0.00675659,-0.0731959,0.00213406,0.0147729,1.45032e-05
391,1,0.000346586,2.66226e-06,0,-1.28632e-09,-5.11037e-10,0,0.00044,-0.01274,0.00285688,0.0120154,0.0027602,0.0141401,1.50053e-05
329,1,0.000333533,-6.43507e-06,0,-1.58571e-09,-4.06321e-10,0,0.00052,-0.000276545,-0.00234109,-0.00655225,0.00349129,0.0135696,-3.08659e-05
305,1,0.000364108,-6.17676e-06,0,-2.78452e-09,-1.88035e-10,0,0.00058,0.000208708,-0.00494015,-0.0514528,0.00364543,0.0145648,8.61202e-06
312,1,0.000338507,-1.36853e-05,0,-2.24825e-09,2.33127e-10,0,0.00056,0.00685849,0.00219525,-0.00370033,0.00443231,0.013888,-3.80464e-05
373,1,0.000371139,-1.59476e-05,0,-9.26834e-10,3.10032e-11,0,0.00048,-0.00276858,0.022264,-0.0603323,0.00468418,0.014782,6.36771e-07
344,1,0.00033423,-1.29841e-05,0,-1.37589e-09,2.44134e-10,0,0.0005,0.00829066,-0.00495054,-0.00422625,0.00537015,0.0136628,-4.54767e-05
333,1,0.000362971,-1.13597e-05,0,-1.15064e-09,3.5036e-10,0,0.00052,-0.0138263,-0.0165912,-0.0392324,0.00562483,0.01457,-3.38088e-05
342,1,0.000327061,-1.89349e-05,0,-1.36278e-09,2.72297e-10,0,0.0005,0.00803045,-0.00120427,-0.00595332,0.00625979,0.0134286,2.73575e-05
381,1,0.000357087,-1.61965e-05,0,-8.71151e-10,2.26714e-10,0,0.00046,0.0104659,0.00671044,-0.0430547,0.00662107,0.0149529,3.1619e-05
310,1,0.000331227,-2.78797e-05,0,-1.89683e-09,3.85354e-10,0,0.00056,-0.0101651,0.00041805,-0.0159552,0.00696229,0.0141098,-2.39016e-05
360,1,0.000322736,-3.58771e-05,0,-1.33348e-09,2.67724e-10,0,0.0005,0.00254433,0.00800916,-0.0099989,0.00764102,0.0134116,-1.31753e-05
358,1,0.000326686,-4.09499e-05,0,-1.29369e-09,1.75685e-10,0,0.0005,-0.00229886,-0.0114366,0.0035408,0.00817989,0.0141598,-4.48401e-05
389,1,0.000338629,-4.58792e-05,0,-8.44403e-10,7.05642e-11,0,0.00044,0.0167386,8.17222e-05,-0.0219638,0.00762333,0.0147909,2.14614e-05
364,1,0.000327409,-3.6356e-05,0,-1.16443e-09,1.93894e-11,0,0.00048,-0.00285986,0.00695732,-0.00991999,0.00878312,0.0148617,1.77529e-05
323,1,0.000323693,-3.64134e-05,0,-1.6945e-09,1.06457e-10,0,0.00054,-0.00469424,0.0121375,0.00228748,0.00914118,0.0140333,3.75063e-05
353,1,0.000321019,-3.43045e-05,0,-1.38483e-09,3.4449e-11,0,0.0005,0.00790115,-0.00697361,0.00861757,0.00967879,0.0148142,-3.31627e-05
330,1,0.000322941,-3.04227e-05,0,-1.59145e-09,1.0395e-10,0,0.00052,0.00406098,-0.015298,0.00612648,0.0101624,0.0139952,2.49655e-05
306,1,0.00031992,-2.45774e-05,0,-2.16873e-09,1.22867e-10,0,0.00058,-0.00854529,0.00742914,0.00829098,0.0107004,0.0149001,-1.88293e-05
332,1,0.000317531,-2.67284e-05,0,-1.90121e-09,-8.47884e-11,0,0.00052,0.0138266,0.00556408,-0.00748422,0.0109119,0.0134171,-4.69919e-05
348,1,0.000320532,-2.04408e-05,0,-1.55827e-09,-7.79095e-11,0,0.0005,-0.00942296,0.00113795,0.000553548,0.0113933,0.0142324,3.83299e-05
398,1,0.000322027,-8.70099e-06,0,-8.29058e-10,2.58983e-11,0,0.00042,0.0275379,0.028421,0.00329421,0.011836,0.0149723,-1.60873e-07
376,1,0.000314521,-2.26087e-05,0,-1.31256e-09,-6.99138e-11,0,0.00046,0.0282772,-0.00839574,-0.00358756,0.0120155,0.0136752,1.43924e-05
397,1,0.000317251,-8.58805e-06,0,-8.77922e-10,7.68581e-11,0,0.00042,-0.036625,-0.0316091,-0.0184777,0.0124275,0.0145207,2.52958e-05
327,1,0.000311692,-1.07082e-05,0,-2.1557e-09,-1.78516e-11,0,0.00052,0.0387736,0.0205072,0.00825499,0.0129308,0.0138442,-3.62044e-05
366,1,0.000318733,3.5558e-06,0,-1.30755e-09,8.05856e-11,0,0.00048,-0.0390875,0.0103997,-0.0154701,0.0132958,0.0147123,-1.15952e-07
380,1,0.000313486,2.72678e-06,0,-1.56314e-09,3.66933e-11,0,0.00046,0.0485821,-0.0167929,0.00899657,0.0138202,0.0139908,-4.96651e-05
335,1,0.000311386,4.40534e-06,0,-2.88084e-09,-7.61593e-11,0,0.00052,0.0435369,-0.0266653,-0.00449135,0.014613,0.0135742,-6.05535e-06
316,1,0.000328234,7.32807e-06,0,-1.60237e-09,-4.84004e-10,0,0.00054,-0.0498267,0.0137935,-0.017547,0.0145184,0.0145904,4.44824e-05
367,1,0.00035283,1.13553e-05,0,-1.40159e-09,-1.35178e-10,0,0.00048,0.0251733,-0.117735,-0.153049,0.0155954,0.0147719,1.34032e-05
340,1,0.000301668,1.08572e-05,0,-3.52298e-09,4.48075e-10,0,0.00052,-0.0256017,0.0285189,0.0243293,0.0155516,0.0138727,4.05064e-05
319,1,0.000309385,8.2987e-06,0,-3.96571e-09,2.20661e-09,0,0.00054,0.00841809,-0.017545,-0.0152791,0.0164621,0.0134535,-7.28073e-06
321,1,0.000342563,4.7127e-06,0,-1.44684e-09,1.39761e-09,0,0.00054,-0.00407255,0.108304,-0.0490978,0.0165254,0.0144507,-2.36735e-05
399,1,0.000335833,5.90802e-06,0,-7.00201e-10,2.90531e-10,0,0.00042,2.88615,-2.05713,0.11064,0.0173068,0.0139354,-8.94147e-06
368,1,0.000365294,-2.0446e-05,0,7.62589e-10,1.16766e-09,0,0.00048,-0.0542437,0.0451267,-0.000703394,0.0175769,0.0147933,-4.70775e-05
311,1,0.000316763,-9.90482e-06,0,-2.40181e-11,2.57669e-09,0,0.00056,-0.0134082,-0.0257076,-0.0395983,0.0180768,0.0133693,2.21972e-05
388,1,0.000353012,-2.11053e-05,0,8.09362e-11,7.75702e-10,0,0.00044,0.0092186,-0.0163975,-0.0305876,0.0182521,0.0142862,3.4178e-05
372,1,0.000328509,-3.83898e-05,0,1.70504e-10,1.0003e-09,0,0.00048,-0.0111685,0.0189979,-0.0549618,0.0190039,0.0138005,-2.28614e-05
326,1,0.00035972,-4.47748e-05,0,4.57313e-10,1.10264e-09,0,0.00054,0.014568,0.0266071,-0.00887812,0.0190806,0.0147358,-1.08387e-06
374,1,0.00034445,-1.46772e-06,0,-6.75706e-10,-3.18026e-10,0,0.00048,-0.00393388,-0.00715291,-0.168655,0.0198628,0.0134244,1.18363e-05
395,1,0.00037643,-1.38175e-06,0,-4.59195e-10,-4.42161e-10,0,0.00044,0.0101633,-0.0567156,0.119805,0.0198402,0.014259,1.79808e-05
341,1,0.000388658,1.50201e-05,0,-5.53655e-10,-1.99063e-09,0,0.0005,0.0522375,0.047743,-0.0461319,0.00101489,0.0151978,2.36495e-05
393,1,0.000432122,1.57206e-05,0,-1.06449e-09,-2.66517e-11,0,0.00044,7.91237e-06,0.0158984,-0.168818,0.00144354,0.0163662,1.42827e-05
352,1,0.000423538,-6.45248e-05,0,0,0,0,0.0005,0.00740093,0.106,-0.15643,0.000196962,0.0161455,-2.63927e-05
354,1,0.000372693,1.69796e-05,0,6.222e-11,-1.494e-09,0,0.0005,-0.00962659,-0.0500886,0.0460462,8.28373e-05,0.0151511,4.43312e-05
365,1,0.000389674,1.80668e-05,0,-1.6303e-09,-2.04512e-10,0,0.00048,0.000106192,-0.0151968,0.0616073,0.00177627,0.0156244,1.78253e-05
313,1,0.000424832,3.18488e-06,0,-2.24381e-09,-2.07761e-10,0,0.00056,-0.00279486,0.00582597,-0.133089,0.00250387,0.0162541,1.04172e-05
309,1,0.000378896,-8.13563e-07,0,-3.13149e-09,-5.84915e-10,0,0.00056,0.0040628,-0.00306913,0.042941,0.00301702,0.0153683,1.14277e-05
308,1,0.000427165,-5.69706e-06,0,-2.09276e-09,-5.09568e-10,0,0.00056,0.000991026,0.011014,-0.134183,0.0035867,0.0162555,-4.47667e-06
362,1,0.000380818,-2.08991e-05,0,-1.27002e-09,-2.91613e-10,0,0.00048,-0.00776367,-0.00724456,0.0495829,0.00410273,0.0154609,3.47044e-05
370,1,0.000431028,7.29702e-06,0,-8.7537e-10,4.7726e-11,0,0.00048,-0.00117329,-0.0379451,-0.154872,0.00460222,0.0162964,3.22872e-05
383,1,0.000384208,-1.08511e-05,0,-7.70869e-10,-9.62245e-11,0,0.00046,0.0203986,0.011857,0.0385551,0.00503375,0.0155455,-1.23126e-05
339,1,0.000433834,-1.80948e-06,0,-8.36025e-10,1.72193e-10,0,0.00052,-0.000818488,0.0108606,-0.124503,0.00557374,0.0162997,-3.75421e-05
355,1,0.000379037,-4.23715e-06,0,-1.03314e-09,3.36853e-10,0,0.0005,0.00164682,-0.0146014,0.00510468,0.00593796,0.0154647,1.65265e-05
314,1,0.000434839,-3.07743e-06,0,-8.57874e-10,2.29291e-10,0,0.00056,0.00103502,0.0150157,-0.106334,0.00661255,0.0162391,-2.29225e-05
356,1,0.000371954,-4.28161e-05,0,-1.0385e-09,2.03876e-11,0,0.0005,-0.0116686,-0.00681185,-0.0500546,0.00726832,0.0155553,-2.57249e-06
351,1,0.000330083,-4.25589e-05,0,-1.19471e-09,-3.27012e-11,0,0.0005,-0.0107545,0.00703706,0.038613,0.00820396,0.0154878,5.22691e-06
346,1,0.000394281,-8.56238e-06,0,-6.59006e-10,6.4666e-11,0,0.0005,-0.00117065,0.0276765,-0.230807,0.00788081,0.016312,-1.93448e-05
385,1,0.0004043,6.34863e-07,0,-6.42854e-10,6.71141e-11,0,0.00046,-5.48473e-05,0.00653625,-0.233374,0.00886753,0.0163366,-1.71876e-05
390,1,0.00031638,-3.7619e-05,0,-1.02916e-09,-7.25543e-11,0,0.00044,0.00153096,-0.0110095,0.0130573,0.00920215,0.0155957,1.07715e-05
343,1,0.000404117,2.76329e-06,0,-8.35117e-10,1.11014e-10,0,0.0005,0.00460343,-0.0393827,-0.223682,0.00978792,0.0163309,2.63946e-05
382,1,0.000312081,-3.14466e-05,0,-1.19181e-09,2.93875e-12,0,0.00046,-0.00222426,0.0136439,0.00513578,0.0100751,0.015575,-3.46021e-05
345,1,0.000398985,2.1733e-05,0,-7.70143e-10,2.79432e-10,0,0.0005,0.00288559,0.0305204,-0.202805,0.010765,0.0162558,8.05502e-06
384,1,0.000317385,-1.04232e-05,0,-1.07925e-09,4.8024e-11,0,0.00046,-0.00981815,-0.0334019,0.0219169,0.0113686,0.0155788,-1.66336e-06
375,1,0.000404382,-2.1748e-05,0,-6.12865e-10,-9.67504e-11,0,0.00048,0.00190172,0.0158667,-0.218051,0.0117298,0.0163261,-3.82493e-05
349,1,0.000314936,2.17219e-06,0,-1.44571e-09,2.22269e-10,0,0.0005,0.0249423,0.00239192,0.0229165,0.0126295,0.015393,-2.79437e-05
378,1,0.000404766,-6.35562e-06,0,-6.13026e-10,2.61162e-11,0,0.00046,-0.000882405,0.141818,-0.216564,0.0127955,0.0162934,4.44583e-05
350,1,0.000442651,-1.79107e-06,0,-5.58794e-10,-7.41385e-11,0,0.0005,0.0064953,0.822475,-0.132447,0.0140045,0.0163035,4.44816e-05
334,1,0.000339465,4.21393e-06,0,-8.63036e-10,-1.51248e-10,0,0.00052,0.0500022,-0.00846038,-0.0150696,0.0139287,0.0153949,-3.81553e-05
318,1,0.00035671,2.69801e-05,0,-9.54095e-10,-1.49885e-10,0,0.00054,0.0628279,-0.00423112,-0.0114448,0.0149636,0.0155113,1.57621e-06
361,1,0.000428395,-2.01261e-06,0,-6.56016e-10,-1.96324e-10,0,0.0005,-0.00332917,0.0943857,-0.153926,0.01551,0.0163215,-3.79876e-05
386,1,0.000389611,-1.18837e-05,0,-3.31454e-10,-3.99749e-10,0,0.00046,-0.0637691,0.023764,0.06314,0.0159251,0.0155623,2.61205e-05
336,1,0.00043876,-5.21997e-07,0,-3.83265e-10,-1.73841e-10,0,0.00052,0.00162588,-0.0664511,-0.108284,0.0165345,0.0162824,4.63278e-05
337,1,0.00038568,-9.81956e-06,0,3.3005e-10,4.80978e-10,0,0.00052,0.0371349,-0.0285825,-0.0386717,0.016851,0.0153816,1.1381e-06
307,1,0.000431335,5.37605e-06,0,3.45742e-10,5.9374e-10,0,0.00058,0.00426714,0.0308123,-0.115546,0.0175866,0.0161855,-3.93501e-06
315,1,0.000375381,-4.0031e-05,0,9.58298e-10,1.4739e-09,0,0.00056,0.023309,-0.0573576,-0.0383366,0.0183375,0.0154426,-1.20233e-05
347,1,0.000381998,-2.46843e-06,0,1.57025e-09,9.38363e-11,0,0.0005,0.00424336,-0.0861909,-0.25924,0.0188911,0.0163171,2.60965e-05
387,1,0.000329885,-3.58402e-05,0,1.31374e-09,3.08711e-10,0,0.00046,0.00888102,0.0666031,0.101871,0.019328,0.0156029,7.7282e-06
