"id","type","v:0","v:1","v:2","f:0","f:1","f:2","radius","omega:0","omega:1","omega:2","Points:0","Points:1","Points:2"
45,1,0.000108521,9.63975e-06,0,9.0626e-08,-1.39837e-08,0,0.0005,0.000909114,0.0808066,-0.162156,0.00049069,0.000409335,-4.97566e-05
48,1,0.000187394,5.6111e-06,0,1.54651e-07,-3.5686e-09,0,0.0005,0.164078,0.0263932,0.0757821,0.00132207,0.000911398,1.99029e-05
83,1,0.000234392,2.24673e-05,0,1.19751e-07,-2.56188e-08,0,0.00046,-0.0011392,-0.0990227,-0.15765,0.000494716,0.00126911,-1.5404e-05
19,1,0.000133173,-1.83654e-05,0,1.48445e-07,-2.30792e-08,0,0.00054,0.00849494,-0.13069,-0.231045,0.00209503,0.000430134,-6.70462e-06
41,1,0.000168966,-5.33853e-06,0,1.38016e-07,6.50664e-10,0,0.0005,-0.192533,-0.00623908,0.223398,0.00282798,0.00106449,-3.72737e-05
90,1,0.000169817,-4.32781e-05,0,8.1765e-08,-2.4153e-08,0,0.00044,0.00920175,0.116157,-0.111375,0.00206057,0.00145385,3.54547e-05
89,1,0.000153315,1.96373e-05,0,7.2911e-08,1.85177e-08,0,0.00044,0.00518852,-0.124596,-0.161394,0.00357901,0.00148004,-1.5437e-06
29,1,5.65633e-05,1.883e-05,0,5.88712e-08,2.22546e-08,0,0.00052,-0.026128,0.0242787,-0.0924517,0.00489603,0.000439898,-1.24497e-05
4,1,0.000147716,-5.19769e-06,0,2.14511e-07,4.85409e-09,0,0.00058,-0.000189351,0.11501,-0.255812,0.00367256,0.000513926,-1.32742e-05
27,1,0.000122238,1.26671e-06,0,1.19657e-07,8.84675e-09,0,0.00052,-0.0182806,0.112227,0.042366,0.0044662,0.00136403,3.7231e-06
28,1,0.000106931,4.68247e-06,0,1.27051e-07,4.84702e-09,0,0.00052,-0.00744742,-0.128798,-0.021542,0.00545266,0.00120354,-2.96738e-05
75,1,4.81802e-05,-1.81969e-05,0,3.61762e-08,-1.44578e-08,0,0.00046,0.0293949,0.0122265,-0.0935622,0.00586015,0.000396417,-3.73089e-05
34,1,0.000106446,-2.39321e-06,0,1.69422e-07,2.77499e-08,0,0.00052,-0.101629,0.179623,-0.0267785,0.00642667,0.00124962,-1.66342e-05
54,1,3.89591e-05,-1.89638e-05,0,1.17361e-07,2.99735e-09,0,0.0005,0.0581898,-0.212846,-0.0959958,0.00686102,0.000428271,3.04549e-05
46,1,-0.000140379,-6.24487e-05,0,1.58179e-07,4.33939e-08,0,0.0005,-0.0272368,0.273703,0.271496,0.00796887,0.000435002,4.04467e-05
68,1,-8.05233e-05,-7.83051e-05,0,1.84193e-07,9.04518e-08,0,0.00048,-0.495283,0.554644,-0.44923,0.00747476,0.00118693,-2.23732e-05
42,1,-0.000135513,-0.000226611,0,2.24319e-07,1.07396e-07,0,0.0005,0.700497,0.189265,-0.52999,0.0087598,0.00101468,5.09221e-06
74,1,0.00027829,8.41313e-05,0,-3.24494e-08,-4.51179e-08,0,0.00046,0.0142774,-0.51099,-0.67239,0.00941815,0.00038729,-1.20537e-05
80,1,-0.000111265,-0.000246545,0,1.91718e-07,5.93708e-08,0,0.00046,-0.595997,-0.00468706,0.362682,0.00940423,0.00166068,1.80717e-05
52,1,0.000199013,0.00019606,0,5.92513e-08,-1.46579e-07,0,0.0005,0.0224468,0.537759,0.845834,0.010018,0.0010558,3.91278e-05
60,1,-0.000208095,-2.71747e-05,0,1.67209e-07,-1.69238e-08,0,0.00048,0.0133991,-0.550224,0.468401,0.0106928,0.000388168,-3.28708e-05
91,1,0.000220371,-0.000151305,0,6.50692e-08,-1.57415e-08,0,0.00044,-0.328033,-0.673892,-1.88075,0.0108755,0.00116836,3.24564e-05
6,1,1.45604e-05,-0.000610212,0,1.92197e-07,1.13019e-07,0,0.00056,0.0464827,0.618197,0.556623,0.0116763,0.000812692,3.75182e-05
16,1,0.000331375,4.41145e-05,0,9.18928e-08,-2.7305e-08,0,0.00054,0.0825586,-0.721314,0.894312,0.0125799,0.000482404,-2.76781e-05
78,1,0.00027948,-0.000858867,0,6.01588e-08,6.86217e-08,0,0.00046,26.6241,-7.87839,0.859761,0.0124232,0.00150559,2.18197e-05
3,1,0.000492421,2.0249e-05,0,8.82947e-08,-4.07686e-08,0,0.00058,-0.0130722,0.577156,0.39537,0.0133767,0.0012562,-1.82355e-06
59,1,0.000350076,4.82536e-05,0,5.16423e-08,-1.31802e-08,0,0.00048,-0.061354,0.795363,-0.853698,0.0134804,0.000343681,-3.96086e-06
67,1,0.000365576,-3.01305e-05,0,4.25311e-08,-8.9603e-10,0,0.00048,0.0275147,0.795566,-0.836729,0.014932,0.000369024,1.3181e-05
71,1,0.000479815,3.60765e-05,0,5.00455e-08,-1.60557e-08,0,0.00048,-0.0280881,-0.812464,0.563243,0.0142578,0.000841397,-2.02466e-06
26,1,0.000288487,-6.28849e-06,0,9.16454e-08,7.0861e-09,0,0.00052,0.210643,-0.078605,0.825845,0.0153074,0.00124162,-4.92787e-05
10,1,0.000310259,2.74012e-05,0,5.32888e-08,-6.38103e-09,0,0.00056,-0.0140867,-0.100066,-0.60792,0.0160112,0.000469366,-2.65834e-05
33,1,0.000433531,-6.06156e-05,0,1.2292e-07,-5.32512e-08,0,0.00052,0.0937639,0.181631,0.28795,0.0166314,0.00122509,-4.32784e-06
53,1,8.40094e-05,5.27328e-05,0,0,0,0,0.0005,-0.00817482,0.0543382,-0.148616,0.0175929,0.000530682,-4.85386e-05
15,1,0.000319186,4.37359e-05,0,1.90309e-07,-3.3578e-08,0,0.00054,-0.0363846,0.0368952,-0.0113658,0.0183484,0.00126674,1.95463e-05
14,1,0.000154446,-7.09151e-06,0,1.2752e-07,-3.35149e-08,0,0.00054,-2.42555e-07,0.0753642,-0.344419,0.0186267,0.000413316,-7.12572e-06
72,1,0.000155998,1.10719e-05,0,9.59822e-08,-4.49314e-09,0,0.00048,0.0119228,-0.0764611,0.0955636,0.0195745,0.000416409,1.69816e-05
57,1,0.000252738,8.72044e-06,0,1.18467e-07,-4.60918e-08,0,0.0005,0.0146226,-0.0387925,-0.209948,0.0193523,0.00130033,3.21045e-05
39,1,0.000237396,1.58405e-05,0,1.31266e-07,-1.39961e-08,0,0.0005,-0.158705,-0.0348274,-0.123501,0.00125169,0.00180002,6.72355e-06
50,1,0.000302211,3.2602e-05,0,1.37307e-07,-4.60574e-08,0,0.0005,-0.00798165,0.0985143,0.0172171,0.000400107,0.00210994,-4.9345e-05
8,1,0.00031387,2.92178e-05,0,1.77049e-07,-3.37662e-08,0,0.00056,0.125516,-0.00221302,-0.0498493,0.0011642,0.00276579,2.40593e-05
86,1,0.000314456,8.44843e-06,0,7.98935e-08,-5.05888e-08,0,0.00044,-0.0270731,0.0319887,0.000423131,0.000210606,0.00291162,-2.11247e-06
81,1,0.000265726,-1.38063e-05,0,1.04952e-07,-1.23535e-08,0,0.00046,-0.00499395,-0.0663373,-0.0476867,0.00202741,0.00231667,1.72248e-05
69,1,0.000220914,1.45088e-06,0,1.25664e-07,2.01672e-08,0,0.00048,0.143608,0.0113394,0.0469216,0.002883,0.00202958,3.70504e-05
88,1,0.000321575,-5.21297e-05,0,1.66037e-07,-8.19735e-08,0,0.00044,0.0460711,0.122704,-0.110643,0.00262226,0.00294262,-4.19173e-06
7,1,0.00018467,3.15763e-05,0,1.98299e-07,2.60339e-08,0,0.00056,-0.033127,0.0158194,0.0822738,0.00385392,0.00235388,3.74342e-05
25,1,0.000199007,4.46127e-05,0,1.60373e-07,3.735e-08,0,0.00052,-0.0174436,-0.0503173,-0.109299,0.00468638,0.00290602,-4.25165e-05
22,1,0.000131049,1.45707e-05,0,1.4104e-07,2.21897e-08,0,0.00054,0.0649057,-0.0404868,-0.0358329,0.00517004,0.00209613,1.87838e-05
65,1,0.000133881,-3.10858e-06,0,1.06363e-07,2.0256e-08,0,0.00048,0.0348428,0.0460114,-0.0105173,0.00610587,0.00213136,-2.11042e-05
58,1,0.000201035,-1.72394e-06,0,1.4166e-07,1.70005e-08,0,0.0005,-0.0570509,0.049705,-0.114057,0.00567286,0.00293139,-3.26099e-05
13,1,0.000194654,-1.84379e-05,0,1.79602e-07,4.41028e-08,0,0.00054,-0.0994586,-0.0648828,-0.107752,0.00668899,0.00292594,-2.03403e-05
24,1,0.000119805,-7.47442e-06,0,1.33745e-07,5.28637e-08,0,0.00052,0.215818,-0.116536,-0.00483454,0.00702695,0.0019816,2.94528e-05
73,1,0.000262494,-0.000152261,0,1.56977e-07,2.13113e-09,0,0.00046,-13.9936,-13.6266,0.0320583,0.00766151,0.00262308,6.56493e-06
66,1,-5.40915e-05,-0.000146991,0,2.10359e-07,7.99403e-08,0,0.00048,-0.0398188,-1.04002,0.256044,0.0081741,0.00174116,4.63423e-05
1,1,0.000252345,-0.000143872,0,3.10469e-07,6.95292e-08,0,0.00058,-0.427388,0.242721,-0.091498,0.00837555,0.00327053,1.15215e-05
20,1,-2.95225e-07,-0.000241711,0,3.47619e-07,1.15381e-07,0,0.00054,-0.130104,0.824159,-0.432927,0.00887889,0.0023958,-2.66714e-05
47,1,0.000163459,-0.000359112,0,2.00855e-07,9.37616e-08,0,0.0005,-0.0700944,-0.893159,0.28338,0.00987039,0.00246991,4.33922e-05
35,1,0.000239179,-0.000358776,0,2.46439e-07,1.32321e-07,0,0.00052,0.578382,-0.21396,-0.280925,0.00940623,0.003263,2.4953e-06
93,1,0.000561483,-0.00055538,0,2.24613e-08,1.03586e-07,0,0.00042,0.193461,-0.217176,0.424069,0.0104661,0.00313037,4.12499e-05
32,1,0.000514296,7.53e-06,0,2.56921e-08,-9.37245e-08,0,0.00052,0.173014,0.874231,0.74868,0.0106096,0.00195348,-4.71808e-05
38,1,0.000429361,-0.000475399,0,5.89447e-08,5.83726e-08,0,0.0005,0.00902115,-1.08319,-1.64801,0.0115687,0.00180245,2.40231e-05
23,1,0.000846581,-0.000260853,0,-1.23981e-07,1.24468e-08,0,0.00054,0.327918,-0.0889078,0.521064,0.0112467,0.00271855,3.27854e-05
44,1,0.000490987,0.000122109,0,2.85927e-08,-3.55285e-08,0,0.0005,0.762957,-0.618905,-0.270609,0.0125001,0.00258709,-4.01526e-05
55,1,0.000346734,2.10374e-05,0,3.86825e-08,-3.10445e-08,0,0.0005,-0.0245305,0.281349,-0.0920749,0.0133314,0.0021949,-4.78087e-05
63,1,0.000524784,3.82636e-05,0,1.53495e-08,-4.05102e-08,0,0.00048,-0.383626,0.0567794,0.343067,0.0119798,0.00331963,-2.48084e-05
51,1,0.000386906,6.86707e-05,0,1.02468e-07,-4.73117e-08,0,0.0005,0.0124822,-0.210655,-0.0283073,0.0133942,0.00307917,-3.11061e-05
31,1,0.000335047,6.90388e-05,0,6.18547e-08,-2.69262e-08,0,0.00052,-0.0948265,-0.591582,-0.178657,0.0143416,0.00170108,3.24568e-05
84,1,0.000393547,4.2673e-05,0,6.92708e-08,-2.83332e-08,0,0.00044,0.25823,-0.269114,0.0531054,0.0141838,0.00255052,2.35941e-05
17,1,0.000396499,9.26658e-06,0,1.4528e-07,-6.93812e-08,0,0.00054,-0.170597,0.236953,-0.0303181,0.0150955,0.00233714,2.08022e-05
70,1,0.000364643,-6.45919e-05,0,1.19368e-07,-3.87722e-08,0,0.00048,-0.339055,0.0376458,-0.151794,0.015993,0.00188592,-1.31875e-05
5,1,0.000395263,-6.53875e-06,0,1.71066e-07,-7.27836e-08,0,0.00056,0.266019,-0.13864,0.0320633,0.0160266,0.00281455,4.11056e-07
79,1,0.000370154,2.93264e-05,0,1.01959e-07,-3.63708e-08,0,0.00046,0.162593,-0.150027,-0.0218908,0.016812,0.00231681,-2.13541e-05
12,1,0.000385231,2.25155e-05,0,1.61254e-07,-3.78373e-08,0,0.00056,-0.105953,0.206911,-0.000850971,0.0169746,0.00326588,5.14548e-06
11,1,0.000346812,4.24981e-05,0,1.81303e-07,-9.06585e-08,0,0.00056,0.0749653,-0.0588535,-0.00335052,0.0174979,0.00172768,7.17441e-06
49,1,0.000370153,3.4135e-05,0,1.31965e-07,-2.27274e-08,0,0.0005,-0.0226101,-0.129153,-0.0183412,0.0177807,0.00274692,4.93031e-05
36,1,0.000340395,2.45049e-05,0,1.32487e-07,-5.2251e-08,0,0.00052,0.055327,0.094555,-0.0398049,0.0184773,0.00216508,-6.697e-06
2,1,0.000331966,6.43212e-06,0,2.03862e-07,-1.13594e-07,0,0.00058,-0.0210811,-0.0703217,0.0145791,0.0194564,0.0023199,1.88296e-05
21,1,0.000373595,1.12864e-05,0,1.92603e-07,-8.0235e-08,0,0.00054,-0.000303129,0.0877332,-0.0484503,0.0187466,0.00309814,-1.41959e-06
30,1,0.000407413,7.45272e-06,0,2.55045e-07,-6.93941e-08,0,0.00052,-0.0545242,0.179193,-0.130633,0.00154165,0.00367015,4.55657e-05
87,1,0.000389588,-3.11576e-05,0,1.26387e-07,-7.64394e-08,0,0.00044,-0.0315151,-0.122709,-0.230092,0.000604709,0.00362597,1.77683e-05
193,1,0.000445115,-1.97611e-05,0,1.78573e-07,-6.67343e-08,0,0.00044,0.04987,-0.0668692,0.0887481,0.000560334,0.00443578,-3.72271e-05
85,1,0.000447313,2.1349e-05,0,1.83445e-07,-3.8989e-08,0,0.00044,-0.004905,0.080435,0.0221438,0.00136452,0.00450933,1.35023e-05
94,1,0.000442047,-3.48293e-06,0,1.60595e-07,-5.26555e-08,0,0.00042,-0.0188021,-0.229084,0.108913,0.00242998,0.00374202,4.70582e-05
82,1,0.000406142,7.57111e-05,0,1.75395e-07,2.17907e-09,0,0.00046,-0.099485,0.118279,0.12061,0.00312411,0.0042216,3.14585e-06
95,1,0.000424888,2.39768e-05,0,3.71626e-07,-6.69092e-08,0,0.00058,0.0402396,-0.0588518,-0.029735,0.00229499,0.00470867,1.0814e-05
9,1,0.000293308,5.31742e-05,0,2.63805e-07,1.93387e-08,0,0.00056,0.0284639,0.0104662,-0.310954,0.00349428,0.00334407,-3.93388e-05
194,1,0.000293303,7.38056e-05,0,1.19787e-07,2.8291e-08,0,0.00044,0.0815114,-0.0709982,-0.112832,0.00438794,0.00369968,-1.25794e-06
159,1,0.000376552,9.17301e-05,0,1.77788e-07,3.67765e-08,0,0.00048,0.0414739,-0.130146,-0.0780625,0.00397841,0.00441245,2.716e-05
131,1,0.000358579,2.93373e-05,0,2.13898e-07,3.23816e-08,0,0.00052,-0.0375343,0.123193,-0.0761506,0.00495814,0.00443764,4.40858e-05
92,1,0.000281676,1.82696e-05,0,1.03384e-07,1.58332e-08,0,0.00042,-0.000582704,0.0411339,-0.0590543,0.00520226,0.00362898,3.96798e-05
135,1,0.000296797,-2.31644e-05,0,1.78681e-07,2.02188e-08,0,0.0005,0.0570897,0.00412492,-0.0736475,0.00608923,0.00376807,-7.07934e-06
115,1,0.000376289,-2.07673e-05,0,2.37336e-07,2.83261e-08,0,0.00054,0.0104757,-0.14044,-0.0574547,0.00594071,0.00474489,3.45424e-05
105,1,0.000347824,-7.17234e-05,0,2.69036e-07,3.52995e-08,0,0.00056,0.0875397,0.0701001,-0.0718803,0.0069299,0.00432488,2.286e-05
182,1,0.000271256,-9.38287e-05,0,1.37178e-07,1.09323e-08,0,0.00046,-0.101547,-0.119848,-0.0925652,0.00741751,0.00351537,-3.43082e-05
99,1,0.000354212,-0.000141848,0,2.53991e-07,5.10173e-08,0,0.00056,0.209907,0.245818,-0.107687,0.00806154,0.00424015,1.9512e-05
160,1,0.000361327,-0.000251897,0,1.62766e-07,7.48816e-08,0,0.00048,-0.361623,-0.263036,-0.0649306,0.00903714,0.00411487,5.32063e-06
157,1,0.000406012,-0.00033745,0,1.74672e-07,1.11965e-07,0,0.0005,0.0627781,-0.0168833,-0.176722,0.00976874,0.0047355,1.35755e-05
171,1,0.000426693,-0.000201119,0,1.58947e-07,5.61401e-08,0,0.00048,0.271449,0.257996,-0.0992846,0.00871058,0.00498609,-2.43024e-05
56,1,0.00033948,-0.000459858,0,1.83368e-07,1.65692e-07,0,0.0005,-0.27028,0.48821,0.0344681,0.0101125,0.00388206,-2.12721e-05
40,1,0.000401629,-0.000322642,0,8.0835e-08,7.1201e-08,0,0.0005,-0.299752,0.254324,0.40124,0.011161,0.00371439,-2.89305e-05
125,1,0.000348468,-0.000412198,0,2.12184e-07,1.5023e-07,0,0.00052,0.317224,-0.376049,-0.146832,0.0107761,0.00456218,9.36883e-06
190,1,0.000209833,-3.53167e-05,0,1.53826e-07,1.16678e-08,0,0.00044,-0.428966,0.440539,-0.25909,0.0115872,0.00499252,2.78794e-05
165,1,0.000263421,1.46327e-05,0,1.40944e-07,-9.98309e-09,0,0.00048,0.404553,-0.390732,0.325515,0.0120177,0.00424489,4.76559e-05
62,1,0.00039337,0.000128136,0,8.7376e-08,-5.81875e-08,0,0.00048,0.248327,-0.0671279,-0.0328488,0.012778,0.00373863,4.14547e-05
185,1,0.000414099,0.000122397,0,1.11614e-07,-4.63804e-08,0,0.00046,-0.14868,0.230941,-0.0946945,0.0131391,0.00452446,-3.17454e-05
77,1,0.000390757,4.41865e-05,0,8.84809e-08,-4.15144e-08,0,0.00046,-0.23183,0.163363,-0.0445005,0.014241,0.00334495,2.15234e-05
192,1,0.000403164,7.61871e-05,0,8.79752e-08,-3.73962e-08,0,0.00044,-0.0545541,0.0756176,-0.040178,0.0136638,0.00390925,3.50109e-05
172,1,0.000427108,1.61156e-05,0,1.30228e-07,-5.29887e-08,0,0.00048,-0.131233,0.348418,-0.0370239,0.0149696,0.00422475,-1.72291e-05
101,1,0.000448018,4.57187e-05,0,2.20529e-07,-7.56637e-08,0,0.00056,-0.0814781,-0.213615,-0.0470938,0.0141371,0.00470002,-2.13321e-05
18,1,0.000401137,9.87203e-06,0,1.5995e-07,-6.17003e-08,0,0.00054,0.124346,-0.121208,-0.0141583,0.0151586,0.00334585,-3.02218e-05
162,1,0.000417622,-3.40695e-06,0,1.63093e-07,-5.54696e-08,0,0.00048,-0.273696,0.0545099,-0.0760877,0.0160238,0.00374091,3.07542e-05
168,1,0.000450341,1.36618e-05,0,1.93239e-07,-3.67408e-08,0,0.00048,0.228168,0.0229447,-0.00164888,0.0159939,0.00458571,-5.06646e-06
43,1,0.000423945,1.75182e-05,0,1.73591e-07,-2.66571e-08,0,0.0005,0.0859056,-0.149159,-0.0551032,0.0168428,0.00421675,-3.67063e-05
61,1,0.000409866,2.82562e-05,0,1.58195e-07,-3.62837e-08,0,0.00048,-0.0237247,-0.0412084,-0.0457719,0.0179365,0.00367319,4.42332e-05
167,1,0.000444477,1.24968e-05,0,1.89705e-07,-5.70045e-08,0,0.00048,-0.0108761,0.163048,0.000454067,0.017723,0.00455224,4.50596e-05
149,1,0.000450939,1.12779e-05,0,2.23841e-07,-6.08871e-08,0,0.0005,0.0389282,-0.105962,-0.0214296,0.01859,0.004876,-4.39636e-05
37,1,0.00041566,1.30677e-05,0,2.29202e-07,-7.2799e-08,0,0.00052,0.00126835,-0.0231513,-0.0186155,0.0188616,0.00403334,4.93343e-05
64,1,0.000360893,-1.11306e-06,0,1.40398e-07,-7.20781e-08,0,0.00048,-0.091032,0.108338,-0.0780587,0.019705,0.00353275,-3.46654e-05
76,1,0.000432902,-1.55181e-05,0,1.72542e-07,-6.72507e-08,0,0.00046,0.0936597,0.0682373,-0.0847581,0.0197171,0.00435832,-2.06407e-05
177,1,0.000456551,1.53184e-05,0,1.84118e-07,-4.99461e-08,0,0.00046,-0.000108962,0.0690869,-0.0118648,0.00130826,0.00529238,-4.51984e-05
142,1,0.000468927,6.04887e-06,0,2.17701e-07,-7.17986e-08,0,0.0005,-0.037752,0.0159096,0.00324443,0.000958113,0.00609098,2.89194e-05
139,1,0.000473206,-3.4565e-06,0,2.45108e-07,-9.14516e-08,0,0.0005,0.0169694,-0.0690068,0.0319593,0.000392294,0.00532866,-7.56683e-06
122,1,0.000458631,1.77273e-05,0,2.18129e-07,-4.95803e-08,0,0.00052,0.0531956,0.00930861,0.0152137,0.0017171,0.00663026,-1.13161e-05
121,1,0.000458751,2.24276e-05,0,2.59796e-07,-4.39091e-08,0,0.00052,-0.0254872,-0.0697721,-0.00726628,0.00210594,0.00572858,6.87793e-06
195,1,0.000432089,4.21406e-05,0,1.46388e-07,-1.31925e-08,0,0.00044,-0.0501941,0.069042,0.0512174,0.00303427,0.00536919,-2.73404e-05
140,1,0.000452102,4.468e-05,0,1.90961e-07,-8.386e-09,0,0.0005,-0.0340837,-0.0189853,0.0505782,0.00267865,0.00648561,-4.44854e-05
179,1,0.000451347,5.23208e-05,0,1.50895e-07,6.17689e-09,0,0.00046,0.0811875,0.00731646,-0.0500508,0.00347953,0.00611679,3.81307e-05
103,1,0.000425977,5.92243e-05,0,2.77787e-07,3.68747e-08,0,0.00056,-0.045417,-0.0476293,-0.0194836,0.00402227,0.00535307,1.00341e-06
110,1,0.00046141,3.26053e-05,0,2.38225e-07,3.04351e-08,0,0.00054,-0.0217317,-0.0898031,-0.0415358,0.00455179,0.00625165,-4.65545e-05
102,1,0.000419949,1.77547e-05,0,2.69658e-07,3.88569e-08,0,0.00056,0.0554312,0.0559346,-0.0513187,0.00510202,0.00540798,-2.06108e-05
153,1,0.00047236,-1.04946e-05,0,1.85662e-07,2.45365e-08,0,0.0005,0.0240291,0.102376,-0.0402461,0.00552001,0.00643564,3.54227e-05
180,1,0.000436086,-2.94254e-05,0,1.47608e-07,2.03123e-08,0,0.00046,-0.0416982,-0.0646586,-0.0539861,0.00603252,0.00569079,1.27382e-05
107,1,0.000476393,-5.42423e-05,0,2.32718e-07,3.96058e-08,0,0.00054,-0.0744342,-0.119582,-0.0396335,0.00653226,0.00649804,1.90715e-05
197,1,0.000410902,-6.21749e-05,0,1.10801e-07,1.60991e-08,0,0.00042,-0.127552,0.177153,-0.058587,0.00671842,0.0052268,1.2658e-05
117,1,0.000411409,-0.000111025,0,2.30728e-07,4.27069e-08,0,0.00054,-0.207395,-0.146016,-0.0490804,0.00763276,0.00509614,-5.37633e-06
145,1,0.000455621,-8.87882e-05,0,1.8491e-07,3.54904e-08,0,0.0005,0.235841,0.0438077,-0.0618199,0.00725061,0.00592187,-3.07296e-05
114,1,0.00047422,-0.000157404,0,2.23044e-07,6.90596e-08,0,0.00054,-0.139522,-0.277576,-0.0630871,0.00828642,0.00588143,-4.55597e-05
96,1,0.000494777,-0.000244973,0,2.82097e-07,1.30631e-07,0,0.00058,-0.030565,-0.00119518,-0.0469803,0.00944177,0.00567822,-1.47472e-05
158,1,0.000508196,-0.000188333,0,1.57938e-07,5.41902e-08,0,0.00048,-0.0363688,0.148615,-0.0288441,0.00899028,0.00652583,4.23607e-05
98,1,0.000534905,-0.000236121,0,2.86337e-07,1.27918e-07,0,0.00058,0.110665,0.0850063,-0.00134582,0.0102594,0.00645637,-5.04024e-06
109,1,0.000486573,-0.000330326,0,2.24545e-07,1.44615e-07,0,0.00054,-0.155119,0.00222047,-0.12551,0.0104929,0.00547109,-2.57589e-05
151,1,0.000381809,-1.78443e-05,0,2.03934e-07,1.27747e-08,0,0.0005,0.273968,-0.0173829,-0.16496,0.0114015,0.00585194,2.72027e-05
164,1,0.000440857,-4.87256e-05,0,1.88183e-07,-2.72171e-08,0,0.00048,0.0591894,0.260509,0.0467727,0.0121527,0.00642867,2.01859e-05
152,1,0.000250843,5.73591e-05,0,2.17078e-07,-2.66715e-08,0,0.0005,0.29249,-0.389697,0.433995,0.0124688,0.00510559,-2.6529e-06
184,1,0.000485721,9.95552e-06,0,1.47777e-07,-2.39397e-08,0,0.00046,-0.484186,0.0172678,0.1709,0.0128253,0.0059381,1.76588e-05
173,1,0.000487688,6.45643e-05,0,1.56022e-07,-3.80131e-08,0,0.00048,0.244203,0.151961,-0.0544317,0.0134219,0.00532485,4.476e-05
189,1,0.000493006,4.7336e-05,0,1.49511e-07,-3.84362e-08,0,0.00044,-0.188541,-0.0808079,0.00643248,0.0136639,0.00610873,-2.41619e-05
134,1,0.000479774,3.72509e-05,0,2.30007e-07,-6.12161e-08,0,0.00052,0.0653826,0.0799324,-0.0172941,0.0144685,0.00565438,-4.22335e-05
187,1,0.00050067,3.70694e-05,0,1.80198e-07,-4.09411e-08,0,0.00046,-0.0688339,-0.0785249,-0.0372156,0.0144162,0.00652502,4.20701e-05
154,1,0.000459001,1.72359e-05,0,1.93062e-07,-6.47307e-08,0,0.0005,0.1078,-0.224769,-0.022923,0.0152227,0.00508932,2.90979e-05
133,1,0.000485657,2.09567e-05,0,2.44288e-07,-5.91124e-08,0,0.00052,-0.0925049,-0.0173513,-0.0221165,0.0154057,0.00605453,2.24799e-05
146,1,0.000467187,1.20016e-05,0,2.03099e-07,-5.3794e-08,0,0.0005,-0.141141,0.202414,-0.0124031,0.0161373,0.00543756,1.83575e-05
156,1,0.000489008,8.48113e-06,0,2.25554e-07,-5.71308e-08,0,0.0005,0.154162,0.0115312,-0.0277248,0.0163494,0.00630351,-1.8988e-06
169,1,0.000457984,9.94198e-06,0,1.95004e-07,-4.81354e-08,0,0.00048,-0.106277,-0.0978898,-0.0256038,0.0169976,0.0051044,2.60985e-05
170,1,0.000481785,8.79504e-06,0,1.9855e-07,-5.69357e-08,0,0.00048,0.0447742,-0.0738415,0.0023085,0.0171863,0.00597643,-4.71426e-05
148,1,0.00046741,1.0891e-05,0,2.22045e-07,-7.25993e-08,0,0.0005,0.0625476,-0.00260009,-0.0249673,0.0179069,0.00546501,3.81834e-05
106,1,0.00048267,7.84522e-06,0,3.24905e-07,-1.02861e-07,0,0.00056,-0.0549903,0.0152784,0.0038865,0.0180864,0.00644417,-2.02095e-05
137,1,0.000481743,3.83598e-06,0,2.39819e-07,-6.26171e-08,0,0.0005,-0.0139325,0.0441528,-0.00668397,0.0188207,0.0057956,-4.83823e-05
147,1,0.000472016,-5.32964e-06,0,2.46107e-07,-7.16626e-08,0,0.0005,-0.116349,0.0681267,-0.0257825,0.0194797,0.00516039,-2.4127e-05
196,1,0.000484414,-5.49567e-06,0,1.44148e-07,-3.63708e-08,0,0.00042,0.119331,-0.141721,0.0019753,0.0197263,0.00595876,3.21564e-05
143,1,0.000500826,-1.58746e-06,0,2.49518e-07,-6.10057e-08,0,0.0005,0.01325,-0.0284539,-0.0267166,0.019227,0.00664075,3.12852e-05
112,1,0.00048409,2.44146e-05,0,2.34136e-07,-4.90145e-08,0,0.00054,-0.0268708,-0.0408865,-0.0865248,0.00101716,0.00741154,3.67542e-05
132,1,0.000489308,-3.41179e-06,0,2.66967e-07,-6.24663e-08,0,0.00052,-0.101865,0.102357,-0.0226461,0.000247114,0.0066908,7.74856e-06
124,1,0.000526385,-2.94144e-06,0,2.35496e-07,-3.02713e-08,0,0.00052,0.0118681,-0.00807102,-0.000320185,0.000216566,0.0082482,7.98975e-06
111,1,0.000496019,1.45138e-05,0,2.18319e-07,-3.26734e-08,0,0.00054,-0.0396564,0.000784341,-0.0744852,0.00208667,0.00751536,-1.8846e-05
188,1,0.000488903,2.88097e-05,0,1.15792e-07,5.88898e-11,0,0.00044,-0.0188777,-0.0798776,-0.152661,0.00304699,0.00727388,-2.9739e-05
104,1,0.000524739,2.52057e-05,0,2.29587e-07,-5.80828e-09,0,0.00056,0.0193542,-0.0158646,0.0448081,0.00290598,0.00817778,-3.81694e-05
186,1,0.000511847,2.25439e-05,0,1.31513e-07,4.38101e-09,0,0.00046,-0.00788313,0.0095259,-0.0866004,0.00375638,0.00776745,2.59556e-05
141,1,0.000473261,3.26465e-05,0,1.69584e-07,9.52637e-09,0,0.0005,-0.00935427,0.109121,0.00687365,0.00386899,0.00691242,-4.89198e-05
120,1,0.000508814,9.67056e-06,0,2.08201e-07,2.18366e-08,0,0.00052,-0.0455377,-0.0724684,-0.0594973,0.00486593,0.00718618,-3.20614e-05
304,1,0.000523235,6.2855e-06,0,1.02027e-07,5.13871e-09,0,0.00042,0.0858438,0.0347641,0.0369389,0.00453494,0.00799871,-2.04116e-05
232,1,0.000524484,-1.24466e-05,0,1.97457e-07,2.52794e-08,0,0.00052,-0.0558847,-0.0851271,0.00625126,0.00545585,0.00798874,1.47771e-05
155,1,0.000507661,-2.90826e-05,0,1.82188e-07,2.85435e-08,0,0.0005,0.0765755,0.099866,-0.0536685,0.00599003,0.00725989,-2.80691e-05
126,1,0.000529325,-5.32477e-05,0,2.01525e-07,3.81938e-08,0,0.00052,0.0901909,0.166296,-0.00873141,0.00647384,0.00810783,-2.4969e-05
130,1,0.000512328,-7.65734e-05,0,2.07737e-07,4.50374e-08,0,0.00052,-0.116845,-0.187989,-0.044343,0.007051,0.00734565,2.2788e-05
163,1,0.000496804,-0.00011484,0,1.63941e-07,3.80043e-08,0,0.00048,0.0428114,0.345784,-0.0336092,0.00773057,0.00669779,-2.4844e-05
183,1,0.000521946,-0.000102785,0,1.4634e-07,3.46385e-08,0,0.00046,0.0275841,0.118381,-0.0280931,0.00778941,0.00790539,4.85236e-05
128,1,0.000515734,-0.000143402,0,2.15292e-07,6.40681e-08,0,0.00052,0.0715702,-0.194304,-0.0338338,0.00847636,0.00728658,-3.30909e-05
116,1,0.000516923,-0.000187669,0,2.43552e-07,6.46408e-08,0,0.00054,-0.0184183,-0.201039,0.000366248,0.0096048,0.00725275,-3.07794e-05
291,1,0.000521834,-0.00015109,0,1.49701e-07,4.78188e-08,0,0.00046,-0.0143211,0.258699,-0.020669,0.00905991,0.0079787,-3.5681e-05
243,1,0.00051233,-0.000159378,0,2.09801e-07,5.84418e-08,0,0.0005,-0.143215,-0.125452,-0.0442887,0.0100377,0.0081217,-4.5525e-06
247,1,0.000488481,-0.000147308,0,2.09522e-07,7.27236e-08,0,0.0005,0.0327703,0.289815,0.107736,0.0106254,0.00740999,-3.2558e-05
150,1,0.000479079,-7.4451e-05,0,2.23932e-07,2.58041e-08,0,0.0005,-0.248139,-0.14347,-0.0281697,0.0113302,0.00680952,-1.6913e-05
123,1,0.000541503,-0.00013236,0,2.58148e-07,4.10743e-08,0,0.00052,0.0913646,-0.249906,-0.0956243,0.0116603,0.00774449,-3.94419e-05
300,1,0.00054364,-0.000140632,0,1.29726e-07,2.30943e-08,0,0.00042,0.103388,0.128685,0.0747592,0.0109099,0.00824725,-2.70922e-06
144,1,0.000627465,-7.52497e-05,0,1.70174e-07,-3.47587e-08,0,0.0005,0.137529,0.144488,0.35145,0.0124881,0.00727366,1.64328e-05
161,1,0.000548474,5.42792e-05,0,1.85374e-07,-6.94273e-08,0,0.00048,-0.120507,-0.155179,-0.0418335,0.0132458,0.00781465,-2.82612e-05
118,1,0.00051078,4.75278e-05,0,2.91919e-07,-7.30667e-08,0,0.00054,0.123781,0.0872783,-0.0392497,0.0135603,0.00696369,-4.22073e-05
119,1,0.000526633,2.80865e-05,0,2.87771e-07,-6.85576e-08,0,0.00054,0.0169276,-0.0470772,-0.0151839,0.0144762,0.00742893,-3.70828e-05
176,1,0.0005469,3.20224e-05,0,1.60393e-07,-5.7298e-08,0,0.00046,-0.0198945,0.0725744,-0.022726,0.0140785,0.0081602,4.21792e-05
296,1,0.000542967,2.05411e-05,0,1.51267e-07,-5.30655e-08,0,0.00044,-0.088103,-0.078697,-0.00814722,0.0149188,0.00828614,-3.96098e-06
166,1,0.000511443,1.99465e-05,0,2.04471e-07,-4.38419e-08,0,0.00048,0.0745384,0.0225553,-0.0182249,0.0152345,0.0069493,-3.83096e-05
191,1,0.000528847,1.60359e-05,0,1.61517e-07,-4.74892e-08,0,0.00044,0.1172,0.07196,-0.0200895,0.0156287,0.0079176,-1.89411e-05
113,1,0.000511507,1.27432e-05,0,3.03517e-07,-7.73478e-08,0,0.00054,-0.118975,-0.0315145,-0.0090348,0.0161458,0.00719066,-3.33274e-05
136,1,0.000522682,7.0856e-06,0,2.40926e-07,-6.75497e-08,0,0.0005,0.0379331,-0.0426793,-0.0152998,0.0167884,0.00787544,-3.46879e-05
108,1,0.000497941,6.03378e-06,0,3.01031e-07,-8.59223e-08,0,0.00054,-0.0385741,0.0557753,-0.0228984,0.0171462,0.00692163,-1.46308e-05
175,1,0.00051915,-3.13348e-06,0,1.88699e-07,-5.5172e-08,0,0.00046,0.0656021,0.00718728,-0.0107343,0.0176613,0.00769414,2.46256e-05
198,1,0.00052422,-2.67181e-06,0,1.38451e-07,-3.68256e-08,0,0.00042,-0.028585,0.011098,-0.00272245,0.0182746,0.00824477,-3.99128e-05
97,1,0.000519608,-2.53273e-06,0,4.00458e-07,-9.99562e-08,0,0.00058,0.0281037,-0.0266772,0.00236915,0.0185685,0.00738468,-1.12464e-05
138,1,0.000515146,-1.99042e-06,0,2.48201e-07,-4.55008e-08,0,0.0005,-0.000169312,0.038312,-0.0152241,0.0197019,0.00744725,1.72877e-05
127,1,0.000524047,-1.94844e-06,0,2.53824e-07,-5.29188e-08,0,0.00052,-0.0268285,0.00562355,-0.00583048,0.0191882,0.00820869,-4.70278e-05
178,1,0.000527744,7.40404e-06,0,1.45054e-07,-1.85298e-08,0,0.00046,0.0271433,0.00919131,0.00918199,0.00111697,0.00839193,-4.92713e-05
241,1,0.000532742,7.91658e-06,0,1.64847e-07,-1.57486e-08,0,0.0005,-0.0258264,-0.00692649,-0.0124488,0.00160737,0.00914174,4.93873e-05
264,1,0.000540153,1.84357e-06,0,1.57761e-07,-4.92659e-09,0,0.00048,0.0186374,0.00848196,0.00110533,0.000993137,0.0098561,3.54547e-06
302,1,0.000534014,-3.26223e-06,0,1.15946e-07,-8.08907e-09,0,0.00042,-0.0153375,0.00435914,-0.00616994,0.000529731,0.00911082,-1.11344e-05
199,1,0.000526542,1.17339e-05,0,9.90517e-08,-1.06424e-08,0,0.00042,0.0431614,0.000724882,0.00720143,0.00197532,0.00837975,-4.45245e-05
276,1,0.00054123,5.38345e-06,0,1.43475e-07,-1.04403e-08,0,0.00048,0.00091596,-0.0139335,-0.002588,0.00229375,0.00972878,7.96265e-06
297,1,0.000525777,1.05538e-05,0,1.07223e-07,-8.53239e-09,0,0.00044,-0.0129763,0.0183823,-0.0309868,0.0025305,0.00897256,-4.34141e-05
201,1,0.000543236,1.39183e-06,0,2.49051e-07,-8.19554e-09,0,0.00058,0.0379733,0.0154534,-0.0030609,0.0032795,0.00960273,-9.33208e-06
229,1,0.000547706,6.6355e-06,0,1.89234e-07,-1.24574e-09,0,0.00052,-0.00267846,-0.0800329,0.00780662,0.00385209,0.00868668,-1.57412e-05
206,1,0.000534143,-4.05833e-06,0,2.30492e-07,1.70893e-08,0,0.00056,0.00968333,0.112866,-0.0372369,0.00494145,0.00879824,-2.37608e-06
224,1,0.000546135,2.37668e-06,0,2.01043e-07,3.94136e-09,0,0.00054,-0.0561335,-0.0319661,0.00101922,0.00433233,0.00957397,-3.72943e-05
205,1,0.000549986,-1.78228e-05,0,2.32346e-07,2.02001e-08,0,0.00056,0.0930273,0.056998,-0.00396928,0.00546895,0.00967212,-1.82378e-05
281,1,0.000537756,-3.31111e-05,0,1.31115e-07,1.68749e-08,0,0.00046,-0.103762,-0.141231,-0.0320847,0.00593651,0.00883817,3.24679e-05
249,1,0.000545318,-5.13023e-05,0,1.8368e-07,3.96665e-08,0,0.0005,0.0321346,0.0721317,-0.0124492,0.00675271,0.00931109,-2.10203e-05
288,1,0.00053368,-6.97285e-05,0,1.4397e-07,3.08332e-08,0,0.00046,-0.00238634,-0.134865,-0.0283933,0.0072601,0.00857841,-4.57402e-05
260,1,0.000545455,-8.07091e-05,0,1.90713e-07,4.67166e-08,0,0.0005,0.0225949,0.160659,-0.0276971,0.00775003,0.00933134,-3.04875e-05
221,1,0.000529623,-0.000116148,0,2.47148e-07,6.82759e-08,0,0.00054,-0.0576141,-0.119274,-0.0254545,0.00840598,0.00862612,-4.73944e-05
203,1,0.000537487,-0.000108695,0,3.16284e-07,8.52091e-08,0,0.00058,-0.0467853,-0.149005,-0.0267655,0.00877213,0.00961701,3.09174e-06
235,1,0.0005289,-0.000136925,0,2.29918e-07,6.91635e-08,0,0.00052,0.127951,0.115215,0.00375646,0.00940104,0.00880351,1.54215e-05
244,1,0.000519592,-0.000130774,0,2.15144e-07,5.69462e-08,0,0.0005,0.00697118,0.162829,-0.0074057,0.00980221,0.0096373,-9.05165e-06
255,1,0.000518495,-0.000141288,0,2.24179e-07,4.27942e-08,0,0.0005,-0.0181595,-0.16765,0.0217437,0.0104364,0.0089662,1.70983e-05
248,1,0.000526547,-9.78443e-05,0,2.31162e-07,2.69281e-08,0,0.0005,-0.0901752,-0.0882378,0.0598271,0.0116615,0.00869554,4.46827e-05
269,1,0.000509755,-9.90723e-05,0,1.96314e-07,2.27751e-08,0,0.00048,0.0547352,0.177806,0.0101271,0.0112265,0.0094598,4.26166e-05
299,1,0.000496607,-0.000106147,0,1.5787e-07,2.49213e-08,0,0.00044,-0.0586049,-0.190789,0.0610428,0.0105625,0.00999094,-7.6113e-06
263,1,0.000502832,-3.05373e-05,0,2.24796e-07,-3.95307e-08,0,0.0005,0.0675715,-0.117786,0.0985409,0.0121053,0.00983356,-4.17269e-05
259,1,0.00054538,1.43981e-05,0,2.17407e-07,-5.22634e-08,0,0.0005,0.501874,-0.10176,0.134455,0.0125161,0.00834833,-2.56433e-05
208,1,0.000545959,3.07501e-05,0,2.93806e-07,-1.06755e-07,0,0.00056,0.0155418,0.0371944,0.0677811,0.0129036,0.00932293,-1.3764e-05
174,1,0.000563438,4.62916e-05,0,1.6399e-07,-5.35155e-08,0,0.00046,0.0382187,-0.0858834,-0.0218739,0.0134332,0.00863316,4.29821e-06
211,1,0.000560331,1.93012e-05,0,2.92485e-07,-1.15471e-07,0,0.00056,-0.050413,-0.0111779,-0.015778,0.0140642,0.00997899,-3.84248e-05
209,1,0.00055396,2.4456e-05,0,3.06004e-07,-1.13871e-07,0,0.00056,0.0435964,0.0707705,-0.00546413,0.0143374,0.0090324,1.49646e-05
280,1,0.000555146,1.18022e-05,0,1.6945e-07,-5.93561e-08,0,0.00046,-0.0129373,0.00916687,-0.00320813,0.0150417,0.00994799,4.71162e-05
226,1,0.000547802,1.40348e-05,0,2.52125e-07,-8.69804e-08,0,0.00052,0.0212711,-0.0473535,-0.0114841,0.0153684,0.00909655,2.41907e-05
214,1,0.00053773,8.4933e-06,0,2.91551e-07,-8.52471e-08,0,0.00054,-0.0155438,0.0304321,-0.00702284,0.0162331,0.00863726,2.66777e-05
204,1,0.00055042,7.15842e-06,0,3.50716e-07,-1.03146e-07,0,0.00058,-0.0405593,0.00273072,-0.00322236,0.0160605,0.00989933,3.19371e-06
287,1,0.000542055,4.3517e-06,0,1.76617e-07,-4.96324e-08,0,0.00046,0.0387657,0.00299331,-0.00845871,0.0168563,0.0093401,7.50784e-06
100,1,0.000530793,4.94409e-07,0,3.28406e-07,-8.831e-08,0,0.00056,-0.0471858,0.0163115,-0.0103751,0.0174414,0.00861202,-3.38667e-05
231,1,0.000538831,-3.57183e-07,0,2.53112e-07,-5.98457e-08,0,0.00052,0.0332203,-0.0247619,-0.00583862,0.0179049,0.00949154,4.87165e-05
181,1,0.000532151,-1.48118e-06,0,1.73201e-07,-3.7597e-08,0,0.00046,0.019561,-0.00118932,-0.00864552,0.0186525,0.00895676,5.5329e-07
273,1,0.000539994,-2.37069e-06,0,1.91609e-07,-3.49192e-08,0,0.00048,-0.00471577,0.0302613,-0.00437667,0.0188391,0.00979523,1.2865e-05
129,1,0.000532898,-3.22234e-06,0,2.4063e-07,-3.96326e-08,0,0.00052,0.0111129,-0.00515098,-0.0071295,0.0196064,0.00907869,-1.04316e-05
258,1,0.000543404,-5.10433e-07,0,1.79046e-07,-2.86606e-09,0,0.0005,0.00394192,-0.0190725,0.000403669,0.00131293,0.0112079,4.36203e-05
245,1,0.000542415,-1.86201e-06,0,1.90847e-07,-7.94676e-09,0,0.0005,-0.0184892,0.00341739,0.00020159,0.000579458,0.0106959,9.49774e-06
225,1,0.000543087,2.26531e-06,0,2.15744e-07,-1.1395e-08,0,0.00054,0.00237652,0.00706441,-0.000492074,0.00180153,0.0104434,-4.18982e-05
213,1,0.000545438,-7.14752e-07,0,2.41322e-07,-8.58559e-09,0,0.00056,0.0178322,0.0280282,-0.00102162,0.00229258,0.0113489,3.44228e-06
286,1,0.00054452,2.08206e-06,0,1.26101e-07,-6.41912e-09,0,0.00046,-0.0241276,-0.0525053,-0.00494284,0.00280049,0.0104682,4.40746e-05
279,1,0.000548302,-1.25775e-06,0,1.28866e-07,-2.50052e-09,0,0.00046,-0.0496335,-0.0437672,-0.000331493,0.00321329,0.0112205,1.46648e-06
207,1,0.000547611,-8.15731e-07,0,2.27722e-07,2.07086e-10,0,0.00056,0.0213918,0.0832351,-0.00122441,0.0038676,0.0105148,-2.79071e-05
216,1,0.000551361,-5.65352e-06,0,2.04374e-07,4.61464e-09,0,0.00054,-0.00211466,0.0143692,-0.00776805,0.00410309,0.0115074,-1.27408e-05
289,1,0.000550806,-7.00293e-06,0,1.27705e-07,6.34721e-09,0,0.00046,-0.041727,-0.115571,-0.0165816,0.00480684,0.0103731,-3.34068e-05
290,1,0.000555255,-1.12309e-05,0,1.28523e-07,9.10508e-09,0,0.00046,0.0105874,-0.0189303,0.00151771,0.00499341,0.0112055,-3.49974e-05
257,1,0.000555114,-2.1573e-05,0,1.67938e-07,1.65724e-08,0,0.0005,-0.0708727,0.0692147,-0.0155362,0.00567394,0.0106111,-4.99548e-05
295,1,0.000553664,-3.6377e-05,0,1.26809e-07,2.53762e-08,0,0.00044,-0.0905628,0.0557574,-0.0183849,0.00637329,0.0101014,8.34147e-06
294,1,0.000558334,-2.34896e-05,0,1.17776e-07,1.69585e-08,0,0.00044,0.0584571,-0.121962,0.00169003,0.00591832,0.0113987,-3.47829e-05
218,1,0.00056074,-3.86854e-05,0,2.25416e-07,4.67204e-08,0,0.00054,0.0864285,0.0325232,-0.0114559,0.00671626,0.0109738,-2.12959e-05
237,1,0.000556631,-5.62807e-05,0,2.1093e-07,4.67651e-08,0,0.00052,-0.0571004,-0.0732203,-0.0141386,0.00729821,0.0101497,-3.49785e-05
254,1,0.000561273,-5.098e-05,0,1.85484e-07,4.34193e-08,0,0.0005,0.00460928,-0.0383478,-0.00672952,0.00769395,0.0110296,2.14731e-05
236,1,0.000559256,-7.3218e-05,0,2.20066e-07,5.66475e-08,0,0.00052,0.0904221,-0.00523035,-0.0237586,0.00847172,0.0105574,9.56966e-07
212,1,0.000567702,-6.52689e-05,0,2.57677e-07,7.46611e-08,0,0.00056,-0.00265477,0.0933935,0.00727526,0.00906845,0.0113811,-1.47463e-05
261,1,0.000549656,-0.00010143,0,2.03222e-07,5.98318e-08,0,0.0005,-0.0596004,0.00404005,-0.0663481,0.00946009,0.0104814,-1.60515e-05
219,1,0.000482701,-8.25826e-05,0,2.97356e-07,3.89026e-08,0,0.00054,0.0499866,-0.117229,-0.0373593,0.0105466,0.0108848,-9.96495e-06
230,1,0.000476551,-7.74431e-05,0,2.7707e-07,1.75433e-08,0,0.00052,-0.0212689,0.102802,0.0328835,0.0113665,0.0103755,-2.75196e-05
256,1,0.000495437,-6.20479e-05,0,2.15278e-07,-2.63452e-09,0,0.0005,0.0391393,-0.00384989,-0.0655531,0.0115823,0.0112724,1.39627e-05
266,1,0.000529429,-1.7007e-05,0,1.83461e-07,-3.23953e-08,0,0.00048,-0.0629897,0.0138995,0.212118,0.0123209,0.0107651,-3.81409e-05
246,1,0.0005537,2.80731e-05,0,1.92641e-07,-7.99572e-08,0,0.0005,-0.00883878,0.0347964,-0.0898,0.0130777,0.0102789,-1.72888e-05
234,1,0.000547525,-2.95068e-05,0,2.26655e-07,-6.00945e-08,0,0.00052,0.0145734,-0.0274521,0.0604804,0.0130087,0.0114322,1.50647e-05
220,1,0.000563969,7.47884e-06,0,2.55605e-07,-9.97338e-08,0,0.00054,0.0485838,-0.00347643,0.0242358,0.0138063,0.0109257,1.79805e-07
301,1,0.000561263,1.16156e-05,0,1.26635e-07,-4.78336e-08,0,0.00042,0.0276807,-0.0245004,-0.00841856,0.014655,0.0106786,2.7353e-05
272,1,0.000554663,5.65252e-06,0,1.93635e-07,-6.93822e-08,0,0.00048,-0.0315027,-0.0198305,0.0147081,0.0148147,0.0115082,5.40968e-06
253,1,0.00055444,7.60029e-06,0,2.20073e-07,-6.45841e-08,0,0.0005,0.030466,0.0232078,-0.00291313,0.0154929,0.0107563,-4.24369e-05
202,1,0.000550248,3.94001e-06,0,3.45882e-07,-8.18925e-08,0,0.00058,0.0311948,-0.0106434,-0.000931338,0.0165155,0.0108964,6.96845e-06
270,1,0.00055088,3.04405e-06,0,1.93475e-07,-4.29941e-08,0,0.00048,-0.0276892,-0.00967799,0.00335881,0.0158426,0.0116277,5.57899e-06
227,1,0.000545394,2.19514e-06,0,2.49825e-07,-6.0308e-08,0,0.00052,-0.0214913,0.00296219,-0.00433156,0.0172222,0.0101634,4.80946e-05
277,1,0.000544036,-2.67963e-07,0,1.90983e-07,-3.73036e-08,0,0.00048,-0.0303152,-0.01159,-0.00213038,0.0181487,0.0104129,4.42072e-05
284,1,0.000547353,9.84479e-07,0,1.6665e-07,-3.46026e-08,0,0.00046,0.026582,0.0224733,-0.00131481,0.0174853,0.0110234,4.66205e-05
228,1,0.000545993,-2.97407e-07,0,2.2916e-07,-3.51515e-08,0,0.00052,0.0127059,-0.0142615,-0.0015439,0.0183832,0.0113221,-2.7703e-05
285,1,0.000543522,-2.05497e-06,0,1.60674e-07,-2.4761e-08,0,0.00046,0.0111288,0.00697742,-0.00211421,0.0190169,0.0106602,1.30127e-05
200,1,0.000540809,-3.75365e-06,0,3.23104e-07,-3.86127e-08,0,0.00058,-0.00658536,-0.0183725,-0.0028749,0.0198133,0.0100816,1.74262e-06
274,1,0.000543701,-1.60974e-06,0,1.72959e-07,-1.21737e-08,0,0.00048,0.00664177,0.00421488,-0.000336253,0.0197566,0.0111461,1.26179e-05
278,1,0.000544021,-1.41692e-06,0,1.50771e-07,-1.85418e-09,0,0.00048,-0.0159283,-0.0252629,0.000511163,0.00157465,0.0120603,6.77892e-06
267,1,0.000542624,-8.86145e-07,0,1.49716e-07,2.73617e-10,0,0.00048,0.00827317,0.0220214,4.19768e-05,0.000890595,0.0126206,-3.43726e-05
217,1,0.000543392,-1.18029e-06,0,2.28389e-07,-3.41047e-09,0,0.00054,0.00687733,0.00665629,0.000130946,0.000542358,0.0117229,4.99362e-05
268,1,0.000543141,-2.25609e-06,0,1.40377e-07,-1.48328e-09,0,0.00048,0.00862252,-0.00840751,-0.000759113,0.00173088,0.0129696,-3.85877e-05
240,1,0.000545114,-2.69008e-06,0,1.83577e-07,-2.5244e-09,0,0.00052,-0.0116604,0.0173896,0.000759291,0.00246646,0.0123365,1.56753e-06
215,1,0.000543539,-4.66981e-06,0,1.82198e-07,-1.37517e-10,0,0.00054,0.0169225,0.00812305,-0.000156256,0.00265797,0.0132754,8.09002e-06
282,1,0.000549028,-3.27366e-06,0,1.25468e-07,-5.62326e-10,0,0.00046,0.0349252,-0.0332994,0.000384587,0.00335495,0.0120689,3.49515e-06
271,1,0.00054917,-6.02675e-06,0,1.35189e-07,3.22964e-09,0,0.00048,-0.0134007,0.0570882,-0.0016545,0.00389967,0.0127274,1.51186e-05
400,1,0.000552152,-8.19405e-06,0,9.41658e-08,5.03596e-09,0,0.00042,-0.0179558,-0.0458689,0.00302357,0.00458114,0.0122338,4.10288e-05
369,1,0.000551347,-9.58486e-06,0,1.32234e-07,9.62292e-09,0,0.00048,-0.0127896,-0.0618823,0.0024376,0.00481252,0.0129954,-4.99274e-05
283,1,0.000555986,-1.46659e-05,0,1.27458e-07,1.35905e-08,0,0.00046,0.00403192,0.0482071,-0.00949239,0.00534955,0.0119876,-2.24734e-05
371,1,0.000554398,-1.40206e-05,0,1.39316e-07,2.1238e-08,0,0.00048,0.0412507,0.0601391,0.00380067,0.00568722,0.0127926,-3.7354e-05
338,1,0.000557964,-2.42206e-05,0,1.93213e-07,3.79583e-08,0,0.00052,-0.0972854,-0.00965466,-0.0131435,0.00632488,0.0121569,-2.52694e-05
359,1,0.000557085,-2.97533e-05,0,1.70728e-07,4.19823e-08,0,0.0005,0.0270318,-0.0501224,0.00240996,0.00703709,0.0128031,-4.84058e-07
223,1,0.000559869,-3.85996e-05,0,2.21075e-07,5.10576e-08,0,0.00054,-0.0221855,0.0537926,-0.00221168,0.00726398,0.011864,-4.9699e-05
298,1,0.000560755,-4.73545e-05,0,1.22667e-07,3.39737e-08,0,0.00044,-0.0759884,-0.0659839,-0.00641403,0.00820831,0.0117691,7.82155e-06
392,1,0.000559061,-3.5511e-05,0,1.20245e-07,3.22509e-08,0,0.00044,0.0866142,0.00882134,-0.000510078,0.00789335,0.0125395,6.46138e-06
363,1,0.000551892,-2.47128e-05,0,1.57169e-07,4.0331e-08,0,0.00048,-0.0149224,-0.0129265,0.00497785,0.00864311,0.0132756,-1.17246e-06
396,1,0.000556563,-3.7912e-05,0,1.22618e-07,3.68751e-08,0,0.00044,0.0168091,-0.0159734,-0.0013623,0.00871392,0.0124371,-4.8395e-05
252,1,0.000553112,-3.9038e-05,0,1.85346e-07,3.90019e-08,0,0.0005,0.0545009,-0.00557762,0.0200172,0.0095479,0.0122289,-3.72359e-05
322,1,0.000546086,-2.78088e-05,0,2.45484e-07,3.61309e-08,0,0.00054,-0.0445469,0.0144461,-0.0072556,0.00963625,0.0131723,-5.27218e-06
265,1,0.000534772,-5.15645e-05,0,1.70745e-07,2.31316e-08,0,0.00048,0.00507154,-0.0388613,-0.0690312,0.0102584,0.011723,-4.13942e-05
331,1,0.000546864,-3.12725e-05,0,2.18022e-07,2.27124e-08,0,0.00052,-0.00718679,0.0268863,0.0174126,0.0104255,0.0126418,-4.1589e-05
239,1,0.000535164,-3.60608e-05,0,2.23791e-07,-3.50894e-09,0,0.00052,-0.0213481,-0.013665,-0.0327805,0.0111739,0.0120862,2.195e-05
377,1,0.00053754,-3.86367e-05,0,1.5779e-07,-1.45284e-08,0,0.00046,0.0129991,0.00924285,-0.00291262,0.0117204,0.012862,2.70269e-05
210,1,0.00053075,-5.23942e-05,0,2.84973e-07,-3.73025e-08,0,0.00056,-0.0211044,0.0155948,0.000194175,0.0122189,0.0120477,-2.83946e-05
293,1,0.000528254,-3.1152e-05,0,1.42458e-07,-4.46806e-08,0,0.00044,-0.0198865,-0.0248887,-0.0157991,0.0131599,0.0122943,4.3363e-05
328,1,0.000535844,-3.60527e-05,0,2.26172e-07,-5.07402e-08,0,0.00052,0.0315813,-0.011575,0.00369494,0.0126511,0.0129699,2.96183e-05
317,1,0.000542029,-2.48692e-05,0,2.49771e-07,-9.25123e-08,0,0.00054,0.021432,0.0245258,0.0183111,0.0136689,0.0130729,-8.8818e-06
238,1,0.000551485,2.0405e-06,0,2.40139e-07,-8.82666e-08,0,0.00052,-0.0424745,0.0485465,-0.00582493,0.0139394,0.0118835,2.84116e-05
262,1,0.00054848,-5.32619e-06,0,2.07602e-07,-7.7639e-08,0,0.0005,0.0412786,-0.0570567,0.0124032,0.0145343,0.0126341,-3.24457e-07
303,1,0.000550022,1.91692e-06,0,1.26642e-07,-3.39504e-08,0,0.00042,0.0331688,0.0203842,-0.00226854,0.0152822,0.0122236,-2.60666e-05
292,1,0.000544658,-2.60367e-06,0,1.3924e-07,-3.19158e-08,0,0.00044,-0.0318157,0.0153805,0.0118211,0.0154049,0.0130263,-2.9504e-05
233,1,0.000548331,1.23658e-06,0,2.37165e-07,-4.25482e-08,0,0.00052,0.025806,-0.0010569,0.00161033,0.0161347,0.0125485,1.74786e-05
250,1,0.000549071,2.18109e-06,0,2.15099e-07,-3.72692e-08,0,0.0005,-0.0329083,-0.00524861,6.3179e-05,0.0167492,0.011865,-2.60959e-05
320,1,0.000546263,2.40531e-06,0,2.6439e-07,-1.73629e-08,0,0.00054,0.0157379,-0.0182973,0.00079802,0.0172749,0.0127417,2.61725e-05
275,1,0.00054711,1.21169e-06,0,1.8399e-07,-2.24029e-08,0,0.00048,-0.0173487,0.0133409,-0.00169796,0.0176415,0.0118603,3.55182e-05
251,1,0.000544992,5.04336e-08,0,1.94834e-07,-1.79917e-08,0,0.0005,0.0240196,-0.0125314,0.0021545,0.0183393,0.012381,2.40728e-05
357,1,0.000542326,1.42612e-06,0,1.77621e-07,1.57051e-09,0,0.0005,-0.0228571,0.018991,0.00269027,0.0190884,0.0128978,-1.09524e-05
242,1,0.000544785,-3.13197e-07,0,1.94539e-07,-1.43255e-08,0,0.0005,-0.0179268,0.00941908,0.000364557,0.0191674,0.0118783,1.14157e-05
222,1,0.000543251,3.08832e-07,0,2.25288e-07,1.40032e-09,0,0.00054,0.00592168,-0.015709,-0.000123072,0.0199357,0.0124886,-2.41459e-05
325,1,0.000540543,-3.86712e-08,0,1.95395e-07,1.11969e-08,0,0.00054,-0.00356903,0.00189355,0.000190697,0.000940772,0.013565,-1.68329e-05
394,1,0.000533012,1.11436e-06,0,8.79742e-08,1.06563e-08,0,0.00044,0.0060458,-0.0209373,0.0098535,0.000757293,0.0144424,-1.70971e-05
379,1,0.000541389,-4.87385e-06,0,1.11793e-07,-6.00562e-09,0,0.00046,-0.0130558,-0.0108561,-9.78556e-05,0.00187964,0.0138769,-3.30003e-06
324,1,0.000532646,-7.11798e-06,0,1.27767e-07,-1.25613e-08,0,0.00054,0.00804472,0.00360571,0.0108342,0.00224873,0.0147767,1.45032e-05
391,1,0.000540404,-5.14998e-06,0,8.49883e-08,-3.48949e-11,0,0.00044,-0.019185,0.0128339,0.00280552,0.00286786,0.0141406,1.50053e-05
329,1,0.000544099,-5.98125e-06,0,1.49619e-07,2.82663e-09,0,0.00052,-0.00400127,-0.000764664,0.00216951,0.00359552,0.0135674,-3.08659e-05
305,1,0.000536271,-4.63842e-06,0,1.66148e-07,7.6156e-09,0,0.00058,8.28355e-05,-0.0200207,0.00806093,0.00375743,0.0145627,8.61202e-06
312,1,0.000544267,-6.54871e-06,0,1.77713e-07,1.25888e-08,0,0.00056,0.0211268,0.00518886,0.00284409,0.00453782,0.0138835,-3.80464e-05
373,1,0.000533321,-6.25094e-06,0,8.11843e-08,7.14657e-09,0,0.00048,-0.0152549,0.0222883,0.00983014,0.00479721,0.0147771,6.36771e-07
344,1,0.000549978,-9.9299e-06,0,1.36184e-07,2.12588e-08,0,0.0005,-0.0442748,-0.0015071,-0.00128964,0.00547463,0.0136577,-4.54767e-05
333,1,0.000537494,-3.45935e-06,0,1.12022e-07,2.37628e-08,0,0.00052,0.025901,-0.0237004,0.0182612,0.00573589,0.0145659,-3.38088e-05
342,1,0.000553746,-2.07589e-05,0,1.5255e-07,3.09283e-08,0,0.0005,0.0242567,0.00539038,-0.0115001,0.00636218,0.0134209,2.73575e-05
381,1,0.000532435,-1.11038e-05,0,8.52925e-08,1.89778e-08,0,0.00046,-0.0208332,-0.000631455,0.00306969,0.0067299,0.014947,3.1619e-05
310,1,0.000545855,-1.81159e-05,0,2.11043e-07,4.57102e-08,0,0.00056,0.010888,0.0244866,0.0138475,0.00706507,0.0141002,-2.39016e-05
360,1,0.000553331,-2.43066e-05,0,1.70583e-07,5.01529e-08,0,0.0005,-0.0651083,0.0195988,0.00218543,0.00774196,0.0133991,-1.31753e-05
358,1,0.000546656,-1.80966e-05,0,1.72957e-07,5.09639e-08,0,0.0005,0.0432393,-0.0366681,0.00698467,0.00828136,0.0141463,-4.48401e-05
389,1,0.000539198,-1.27554e-05,0,8.70328e-08,2.77717e-08,0,0.00044,-0.00490774,-0.0151006,0.000361074,0.00772769,0.0147772,2.14614e-05
364,1,0.000540671,-1.3954e-05,0,1.50096e-07,1.87916e-08,0,0.00048,-0.0415309,0.0334927,0.00368909,0.00888422,0.0148498,1.77529e-05
323,1,0.000547241,-1.87814e-05,0,2.30253e-07,2.96377e-08,0,0.00054,0.0179929,0.0247892,0.0027277,0.00924184,0.0140207,3.75063e-05
353,1,0.000543203,-1.33628e-05,0,1.72045e-07,1.88041e-08,0,0.0005,-0.0105641,-0.0289627,0.0051553,0.00977823,0.0148031,-3.31627e-05
330,1,0.000545647,-1.77481e-05,0,2.2009e-07,2.62329e-08,0,0.00052,0.0372751,-0.0205442,0.00484525,0.0102627,0.0139846,2.49655e-05
306,1,0.000543232,-1.20643e-05,0,2.52772e-07,4.77414e-09,0,0.00058,-0.0235341,0.0221123,-0.00488843,0.0107994,0.0148918,-1.88293e-05
332,1,0.000543345,-2.39833e-05,0,2.47249e-07,1.41516e-09,0,0.00052,0.0115682,-0.021908,-0.0126881,0.0110104,0.0134065,-4.69919e-05
348,1,0.000544533,-1.85865e-05,0,2.01348e-07,1.77123e-08,0,0.0005,-0.0140547,0.0202959,0.000639538,0.0114924,0.0142243,3.83299e-05
398,1,0.00054507,-9.61873e-06,0,1.13194e-07,3.50268e-08,0,0.00042,-0.0103805,-0.0697243,-0.00260444,0.0119353,0.0149682,-1.60873e-07
376,1,0.000539045,-3.00043e-05,0,1.75117e-07,3.39508e-10,0,0.00046,-0.0133133,-0.00385025,-0.0135351,0.0121128,0.0136657,1.43924e-05
397,1,0.000537867,-2.08727e-05,0,1.10667e-07,-1.13526e-08,0,0.00042,0.0465073,0.0415636,-0.0262603,0.0125252,0.0145163,2.52958e-05
327,1,0.000534143,-3.02026e-05,0,2.31509e-07,-6.83395e-08,0,0.00052,-0.0463325,-0.00830578,0.00785498,0.0130269,0.0138386,-3.62044e-05
366,1,0.000534134,-2.42814e-05,0,1.71642e-07,-7.01418e-08,0,0.00048,0.0393159,-0.0318217,-0.00590863,0.0133931,0.0147115,-1.15952e-07
380,1,0.000533401,-1.96292e-05,0,1.54068e-07,-6.06037e-08,0,0.00046,-0.0144189,-0.00372186,0.0120624,0.0139168,0.0139903,-4.96651e-05
335,1,0.00053899,-8.55052e-06,0,2.21364e-07,-7.34459e-08,0,0.00052,-0.0465105,0.0331101,0.00898627,0.01471,0.0135755,-6.05535e-06
316,1,0.000532948,-1.17458e-05,0,2.10317e-07,-7.43677e-08,0,0.00054,0.0517193,0.0442471,0.00528182,0.0146187,0.014592,4.44824e-05
367,1,0.000529906,-4.80399e-06,0,1.448e-07,-2.28395e-08,0,0.00048,-0.0272639,0.0406763,0.0121322,0.0157022,0.014775,1.34032e-05
340,1,0.000537348,-3.68336e-06,0,2.18498e-07,-4.10885e-08,0,0.00052,0.0256247,-0.0329541,0.00240679,0.0156461,0.0138761,4.05064e-05
319,1,0.000541269,9.00507e-07,0,2.51611e-07,-1.93533e-08,0,0.00054,-0.0165764,0.0232984,0.00930018,0.016559,0.0134567,-7.28073e-06
321,1,0.000533361,1.73114e-07,0,2.2936e-07,3.45272e-09,0,0.00054,0.0166062,-0.0300013,0.00412118,0.0166302,0.0144523,-2.36735e-05
399,1,0.00053519,-7.84618e-07,0,9.77741e-08,-3.35573e-09,0,0.00042,-0.0102384,0.0255455,-0.0021391,0.0174088,0.013935,-8.94147e-06
368,1,0.0005292,2.20619e-06,0,1.21941e-07,2.24097e-08,0,0.00048,0.0149362,-0.0105472,-0.000306359,0.017688,0.0147889,-4.70775e-05
311,1,0.000539562,-6.74568e-07,0,2.35732e-07,-1.79526e-08,0,0.00056,-0.0205753,0.00628953,0.00650699,0.0181765,0.0133679,2.21972e-05
388,1,0.000532458,2.15485e-07,0,9.02259e-08,-1.96093e-09,0,0.00044,0.0196423,-0.0135349,0.00461346,0.0183609,0.0142821,3.4178e-05
372,1,0.000537225,2.06626e-06,0,1.34473e-07,7.55927e-09,0,0.00048,0.0282644,-0.0108134,0.0038083,0.0191065,0.0137917,-2.28614e-05
326,1,0.000530969,3.03603e-06,0,1.64523e-07,2.11739e-08,0,0.00054,-0.0318113,-0.00474871,0.00499996,0.0191911,0.0147254,-1.08387e-06
374,1,0.000539009,1.02582e-06,0,1.41499e-07,7.29295e-09,0,0.00048,-0.00780158,-0.00138844,0.00525012,0.0199696,0.013425,1.18363e-05
395,1,0.000533631,1.61272e-06,0,9.08308e-08,7.90737e-09,0,0.00044,0.00949116,0.0241888,-0.00105701,0.0199551,0.0142595,1.79808e-05
341,1,0.000527587,-3.82819e-07,0,9.64167e-08,1.73836e-08,0,0.0005,-0.0219723,-0.0177835,-0.00377093,0.00113291,0.015202,2.36495e-05
393,1,0.000512728,-4.61707e-06,0,3.39555e-08,-6.04615e-09,0,0.00044,-0.00246092,0.0532481,0.0315366,0.00157199,0.01637,1.42827e-05
352,1,0.000438314,5.5746e-05,0,0,0,0,0.0005,0.0295714,0.103633,-0.15314,0.000323382,0.0161561,-2.63927e-05
354,1,0.000528807,2.14878e-06,0,1.1065e-07,2.01676e-08,0,0.0005,-0.00139238,0.0153206,-0.000502426,0.000196782,0.0151559,4.43312e-05
365,1,0.0005253,-5.37126e-06,0,7.61163e-08,-4.46699e-09,0,0.00048,-0.0149217,-0.000809611,-0.00119991,0.00189452,0.0156288,1.78253e-05
313,1,0.000513359,-5.04781e-06,0,6.50743e-08,-1.4107e-08,0,0.00056,-0.00231841,-0.0140547,0.0164021,0.00263046,0.0162547,1.04172e-05
309,1,0.000525797,-4.31672e-06,0,1.10965e-07,-7.67011e-10,0,0.00056,0.00982645,0.00547213,0.0064903,0.00313252,0.0153679,1.14277e-05
308,1,0.000511879,-1.29562e-06,0,5.33219e-08,6.46915e-09,0,0.00056,6.69791e-05,0.0140782,0.011423,0.00371377,0.0162541,-4.47667e-06
362,1,0.000525311,-2.57004e-06,0,6.2627e-08,8.05691e-09,0,0.00048,-0.0117901,0.00771806,0.00552676,0.00421809,0.0154553,3.47044e-05
370,1,0.000508819,-3.10477e-06,0,2.53396e-08,-4.46245e-10,0,0.00048,0.00153415,-0.0206976,0.00549959,0.00472981,0.016298,3.22872e-05
383,1,0.000521381,-3.74394e-06,0,4.76708e-08,4.20001e-09,0,0.00046,0.016214,-0.017623,0.0095547,0.00514939,0.0155423,-1.23126e-05
339,1,0.000510945,-3.21119e-06,0,3.83786e-08,3.58649e-10,0,0.00052,-0.00211144,0.0238092,0.0107316,0.00570201,0.0162989,-3.75421e-05
355,1,0.00052454,-3.91857e-06,0,7.26283e-08,8.8005e-09,0,0.0005,-0.017863,0.0224393,0.00217718,0.00605222,0.0154627,1.65265e-05
314,1,0.000514451,-2.17367e-06,0,6.94998e-08,2.25312e-08,0,0.00056,0.004563,-0.0217592,0.014547,0.00674098,0.0162378,-2.29225e-05
356,1,0.00053068,-6.17518e-06,0,9.84901e-08,2.60073e-08,0,0.0005,0.013819,-0.00152977,0.00555253,0.00738077,0.0155432,-2.57249e-06
351,1,0.000534711,-5.77352e-06,0,1.34327e-07,2.60191e-08,0,0.0005,0.00131972,0.00414643,-0.00380941,0.00830623,0.0154753,5.22691e-06
346,1,0.000517339,-3.25496e-06,0,5.23034e-08,7.4048e-09,0,0.0005,-0.00270801,0.00573098,0.0351364,0.00799973,0.016309,-1.93448e-05
385,1,0.000514108,-1.14305e-05,0,1.1901e-08,-9.11847e-09,0,0.00046,-0.00216943,-0.071942,0.0275438,0.00898779,0.0163358,-1.71876e-05
390,1,0.000533853,-1.2036e-05,0,7.24839e-08,3.25564e-09,0,0.00044,0.0470099,-0.018858,0.00911424,0.00929984,0.0155844,1.07715e-05
343,1,0.000512821,-4.37289e-06,0,3.78051e-09,7.28787e-09,0,0.0005,-0.00614512,0.0636198,0.0161984,0.0099083,0.0163308,2.63946e-05
382,1,0.000533497,-6.16705e-06,0,8.54253e-08,2.82858e-08,0,0.00046,-0.0100651,0.00817905,0.0215266,0.0101718,0.0155655,-3.46021e-05
345,1,0.000513574,-5.55657e-06,0,-5.60567e-08,-1.07209e-08,0,0.0005,0.000608338,-0.0679742,0.00902328,0.0108841,0.0162607,8.05502e-06
384,1,0.000535425,-6.7711e-06,0,4.41753e-08,1.69237e-08,0,0.00046,0.0551879,0.00454167,0.0244085,0.0114667,0.0155748,-1.66336e-06
375,1,0.000512643,3.18194e-06,0,-6.24793e-08,1.16827e-08,0,0.00048,-0.00362651,0.0792051,0.0272818,0.0118502,0.0163198,-3.82493e-05
349,1,0.000548583,-1.67669e-05,0,2.61173e-07,-4.06904e-08,0,0.0005,-0.0364407,0.0323286,-0.0127151,0.0127265,0.0153922,-2.79437e-05
378,1,0.000523398,-5.1129e-06,0,1.21406e-07,-7.62196e-09,0,0.00046,-0.00588394,-0.282647,0.0540687,0.0129164,0.016291,4.44583e-05
350,1,0.000482986,-5.94805e-06,0,7.33135e-08,-3.07522e-08,0,0.0005,-0.0129358,-1.1299,-0.0331412,0.0141286,0.0163026,4.44816e-05
334,1,0.000526001,-1.72834e-05,0,1.84043e-07,-6.85739e-08,0,0.00052,-0.0909001,-0.0177477,0.0205637,0.0140311,0.0153948,-3.81553e-05
318,1,0.00052411,-8.67241e-06,0,1.75993e-07,-5.23968e-08,0,0.00054,-0.0220852,0.0128876,0.00437446,0.0150709,0.0155185,1.57621e-06
361,1,0.000511849,-2.77378e-06,0,7.18288e-08,-9.50111e-09,0,0.0005,-0.000720829,-0.0518294,0.0245639,0.0156366,0.0163209,-3.79876e-05
386,1,0.00052178,-3.06936e-06,0,1.01999e-07,-7.53796e-09,0,0.00046,0.0402767,-0.0168959,0.002754,0.0160409,0.0155592,2.61205e-05
336,1,0.000510525,-2.85612e-06,0,6.37372e-08,-4.3399e-09,0,0.00052,-0.000602327,0.0524539,0.0152792,0.0166635,0.016282,4.63278e-05
337,1,0.000524126,1.54507e-06,0,1.55903e-07,3.28577e-08,0,0.00052,-0.0226046,0.0149427,0.0125808,0.0169657,0.015379,1.1381e-06
307,1,0.00051225,1.20661e-06,0,7.95888e-08,6.88097e-09,0,0.00058,0.00134304,-0.0454069,0.0118037,0.0177151,0.0161878,-3.93501e-06
387,1,0.000526807,4.79276e-06,0,8.72646e-08,2.29797e-08,0,0.00046,0.0274495,-0.0309199,0.00262344,0.0194318,0.0155946,7.7282e-06
315,1,0.000524829,2.21206e-06,0,1.57435e-07,1.29418e-08,0,0.00056,0.0112109,0.0295029,0.00359095,0.0184515,0.0154334,-1.20233e-05
347,1,0.000513023,4.23421e-07,0,5.26076e-08,5.87653e-09,0,0.0005,-0.000293498,-0.0132587,0.0266695,0.0190077,0.0163167,2.60965e-05
