"id","type","v:0","v:1","v:2","f:0","f:1","f:2","radius","omega:0","omega:1","omega:2","Points:0","Points:1","Points:2"
10,1,9.34154e-05,-2.21549e-05,0,1.10338e-08,-8.05035e-09,0,0.00056,0.00107696,-0.547237,-0.175083,0.0014109,0.000479292,-2.65834e-05
38,1,0.000136099,-2.33169e-05,0,3.0093e-08,1.61124e-09,0,0.0005,0.324616,0.22949,0.104311,0.00080131,0.0012171,2.40231e-05
67,1,9.68232e-05,4.16722e-06,0,9.08998e-09,3.21073e-09,0,0.00048,0.00287059,0.191747,-0.205537,0.000192765,0.000463723,1.3181e-05
78,1,0.000131562,-6.51949e-05,0,2.0311e-08,-1.02754e-08,0,0.00046,-0.237209,0.232568,0.0506042,0.00188263,0.00135256,2.18197e-05
53,1,0.000175995,1.00782e-05,0,6.94207e-08,2.05463e-08,0,0.0005,-0.147302,0.20872,0.189978,0.0024884,0.000675981,-4.85386e-05
3,1,0.000267037,-7.76851e-05,0,9.21921e-08,-1.40425e-09,0,0.00058,0.0672747,-0.112374,0.0510349,0.00292301,0.00165885,-1.82355e-06
14,1,0.000139178,-1.14267e-05,0,8.85383e-08,2.3e-08,0,0.00054,-0.00227322,-0.16451,-0.265659,0.00345383,0.000452817,-7.12572e-06
71,1,0.000275968,-7.96415e-05,0,8.35972e-08,2.9629e-08,0,0.00048,-0.0227244,0.127512,-0.0471022,0.00385602,0.0012771,-2.02466e-06
72,1,0.000478027,1.21886e-05,0,0,0,0,0.00048,5.35919,114.495,-0.835148,0.00482853,0.000558301,1.69816e-05
33,1,0.000324333,-4.51547e-05,0,1.70971e-08,1.11954e-07,0,0.00052,-0.134756,0.0898082,0.172295,0.00548935,0.00134287,-4.32784e-06
45,1,0.000330315,2.05769e-05,0,5.52013e-09,5.98253e-08,0,0.0005,-0.0423139,-0.0925065,-0.0209212,0.00639178,0.00133804,-4.97566e-05
48,1,0.000145198,1.18646e-05,0,3.28584e-08,2.13435e-08,0,0.0005,0.00872126,-0.313114,-0.331035,0.00633419,0.00043516,1.99029e-05
15,1,0.000336455,1.86473e-05,0,-3.67193e-08,1.27845e-07,0,0.00054,-0.13192,0.0493491,-0.00261652,0.00732612,0.00153239,1.95463e-05
19,1,0.000138007,4.36118e-06,0,2.8873e-08,5.21013e-08,0,0.00054,0.0676475,0.292455,0.296374,0.0073156,0.000500148,-6.70462e-06
57,1,0.000341486,3.42323e-05,0,-5.54334e-08,4.11502e-08,0,0.0005,0.0529163,-0.0535339,0.0440758,0.00826788,0.00150852,3.21045e-05
4,1,0.000140673,-1.39335e-06,0,2.25896e-08,8.96949e-08,0,0.00058,0.00057923,-0.2683,-0.268961,0.00838125,0.00053143,-1.32742e-05
83,1,0.000314271,5.52799e-05,0,-3.99019e-08,-2.3355e-08,0,0.00046,0.0173733,0.0534539,-0.0193665,0.00915528,0.00138701,-1.5404e-05
29,1,0.000158129,2.73638e-05,0,-3.86953e-08,-3.59203e-08,0,0.00052,0.00551926,0.291881,0.0409071,0.00938673,0.000452525,-1.24497e-05
39,1,0.000251713,-7.58152e-06,0,-4.98974e-08,-4.16566e-08,0,0.0005,0.160948,-0.0988108,-0.166868,0.0100314,0.00117245,6.72355e-06
75,1,0.000103918,-3.2406e-05,0,-2.25384e-08,-1.03885e-08,0,0.00046,-0.0077534,-0.337927,-0.221264,0.010307,0.000363822,-3.73089e-05
90,1,0.00024065,4.12908e-05,0,-4.39123e-08,-2.30387e-08,0,0.00044,0.152215,0.161594,0.335619,0.010861,0.00130075,3.54547e-05
54,1,0.000195311,8.04255e-06,0,-3.51129e-08,-1.00392e-08,0,0.0005,0.00272341,-0.427953,-0.402788,0.0112638,0.000480025,3.04549e-05
41,1,0.00023467,9.98811e-05,0,-6.959e-08,-1.16595e-08,0,0.0005,-0.0401459,-0.124758,-0.168455,0.0116856,0.00139437,-3.72737e-05
89,1,0.000221833,3.05166e-05,0,-5.09182e-08,-1.24807e-08,0,0.00044,0.0198329,0.144243,0.0108534,0.0124949,0.0012363,-1.5437e-06
46,1,0.000106407,1.97825e-05,0,-5.19761e-08,-1.03134e-08,0,0.0005,-0.000936038,0.00108468,-0.244933,0.012415,0.000413744,4.04467e-05
27,1,0.000226185,6.67009e-06,0,-9.30365e-08,-3.04299e-08,0,0.00052,-0.0100668,-0.114022,-0.101653,0.0133139,0.00126813,3.7231e-06
42,1,8.30683e-05,-6.22707e-06,0,-3.46283e-08,-8.46802e-09,0,0.0005,0.00977176,0.011131,-0.195056,0.0133999,0.000408634,5.09221e-06
28,1,0.000225026,4.92159e-05,0,-8.72486e-08,-4.03729e-08,0,0.00052,-0.0195024,0.119379,-0.00170078,0.014286,0.00153489,-2.96738e-05
74,1,6.90623e-05,-8.91473e-06,0,-2.51732e-08,3.88222e-10,0,0.00046,0.0066266,-0.0103109,0.195301,0.0142379,0.000386953,-1.20537e-05
68,1,0.000177408,5.21142e-06,0,-5.28861e-08,5.79313e-09,0,0.00048,0.00402246,-0.112889,-0.144319,0.0151772,0.00124933,-2.23732e-05
60,1,5.8423e-05,1.39471e-05,0,-2.46794e-08,-5.38501e-10,0,0.00048,-0.00558429,0.00794497,-0.132283,0.0150846,0.000388645,-3.28708e-05
80,1,0.000106078,-5.87265e-05,0,-3.56981e-08,1.77821e-08,0,0.00046,0.0835203,0.0446102,-0.0685319,0.0158336,0.000819303,1.80717e-05
6,1,0.000114623,3.45335e-06,0,-8.71746e-08,-1.14944e-08,0,0.00056,0.00855176,-0.0645402,0.17263,0.0166087,0.000474621,3.75182e-05
66,1,0.000207599,-5.60756e-05,0,-5.07033e-08,1.43656e-08,0,0.00048,-0.0739024,-0.0408894,-0.141538,0.0160554,0.00165135,4.63423e-05
52,1,0.000134924,4.13896e-05,0,-8.23855e-08,-2.08234e-08,0,0.0005,-0.0587163,-0.0023429,-0.188059,0.0171436,0.0013543,3.91278e-05
32,1,0.00016381,-1.18514e-05,0,-1.11527e-07,-1.52387e-09,0,0.00052,0.0405789,0.00279127,-0.103602,0.0181489,0.00125176,-4.71808e-05
16,1,7.84626e-05,3.17952e-05,0,-5.84111e-08,-2.68226e-08,0,0.00054,0.00257708,0.0677645,-0.104817,0.0175967,0.000457501,-2.76781e-05
59,1,6.21966e-05,-2.87579e-05,0,-3.43301e-08,1.6698e-08,0,0.00048,-0.00616422,-0.0776796,-0.0898109,0.0185413,0.000398852,-3.96086e-06
91,1,8.4874e-05,-2.38185e-05,0,-2.66822e-09,-4.22759e-08,0,0.00044,-0.370675,-0.072966,0.05678,0.019332,0.000728992,3.24564e-05
23,1,0.000137812,-3.31758e-05,0,2.06606e-08,-8.96902e-08,0,0.00054,0.0359162,-0.306594,-0.130957,0.0198625,0.00147915,3.27854e-05
165,1,0.000265414,-6.3118e-05,0,-9.01071e-09,-9.77445e-09,0,0.00048,-0.058115,-0.0012569,-0.095743,0.00149168,0.00299603,4.76559e-05
63,1,0.000186296,-4.36256e-05,0,2.25154e-08,-9.12182e-09,0,0.00048,-0.12085,0.118504,-0.195883,0.00125943,0.00198828,-2.48084e-05
40,1,0.000253577,-2.5446e-05,0,-2.1727e-08,-4.01003e-08,0,0.0005,0.0214995,-0.0104422,0.0314623,0.000656852,0.00263316,-2.89305e-05
44,1,0.000243644,-0.000103084,0,2.50344e-08,-3.49196e-09,0,0.0005,0.167501,-0.0888789,0.00429421,0.00213193,0.00232125,-4.01526e-05
55,1,0.000265871,-8.56639e-05,0,1.48793e-08,2.12906e-08,0,0.0005,-0.0821528,0.0475989,-0.0495398,0.00303058,0.00271304,-4.78087e-05
62,1,0.000280841,-8.48703e-05,0,-6.45146e-09,4.33311e-09,0,0.00048,0.0375089,-0.00511732,0.0200423,0.00231401,0.00327559,4.14547e-05
84,1,0.000275246,-8.9983e-05,0,1.98969e-10,2.74691e-08,0,0.00044,-0.0248194,-0.104524,-0.022612,0.00384364,0.0031248,2.35941e-05
31,1,0.000279367,-9.55761e-05,0,2.73931e-08,5.76144e-08,0,0.00052,0.0122323,0.00814954,0.0280899,0.00384027,0.00222702,3.24568e-05
17,1,0.000272317,-9.71667e-05,0,1.01698e-08,1.10896e-07,0,0.00054,0.104114,0.0564798,-0.00441706,0.00472183,0.00277456,2.08022e-05
26,1,0.000290834,-0.000103511,0,5.40418e-08,1.50817e-07,0,0.00052,0.103116,-0.0759283,-0.0306667,0.00465036,0.00172822,-4.92787e-05
70,1,0.000291018,-3.05793e-05,0,3.72459e-09,1.32719e-07,0,0.00048,0.165535,-0.127394,0.137362,0.0056806,0.00255884,-1.31875e-05
11,1,0.000319474,2.93285e-05,0,-2.53584e-08,1.87545e-07,0,0.00056,0.0408136,0.05863,0.0250042,0.00664726,0.00230005,7.17441e-06
79,1,0.000334425,4.38192e-05,0,5.77964e-08,1.37737e-07,0,0.00046,-0.0610385,0.0621528,-0.0835848,0.00666796,0.00322894,-2.13541e-05
49,1,0.000331686,1.16203e-05,0,8.0918e-08,8.78266e-08,0,0.0005,0.0371074,-0.0506161,-0.0139394,0.00753022,0.00322014,4.93031e-05
36,1,0.0003325,2.00533e-05,0,2.06571e-08,8.42559e-08,0,0.00052,0.0563605,-0.183308,0.00906031,0.0078747,0.0023765,-6.697e-06
21,1,0.000324811,1.64555e-05,0,1.03907e-07,2.53565e-08,0,0.00054,-0.0194517,0.0425453,0.016097,0.00846304,0.0033111,-1.41959e-06
2,1,0.000333811,3.27494e-05,0,1.75234e-08,-1.4029e-08,0,0.00058,-0.0735442,0.166187,0.00700203,0.00891509,0.00237303,1.88296e-05
64,1,0.000321123,2.57273e-05,0,6.82159e-08,-2.88723e-08,0,0.00048,0.0906999,-0.0499149,0.0035891,0.00944095,0.00330845,-3.46654e-05
50,1,0.000332738,2.37543e-05,0,-1.80925e-08,-5.06293e-08,0,0.0005,-0.107252,-0.128582,-0.0136229,0.00983095,0.00203228,-4.9345e-05
86,1,0.000319541,2.68799e-05,0,2.07846e-08,-3.77405e-08,0,0.00044,0.0575902,-0.0573973,0.0116133,0.0101159,0.00283974,-2.11247e-06
87,1,0.00031149,4.13702e-05,0,3.26973e-08,-3.73755e-08,0,0.00044,-0.0475518,0.0700915,0.026838,0.0107703,0.00331463,1.77683e-05
8,1,0.00032811,5.22315e-05,0,-8.95001e-10,-4.24012e-08,0,0.00056,-0.0883367,0.0771817,0.0531343,0.0108239,0.00225811,2.40593e-05
30,1,0.000307384,6.02468e-05,0,3.84256e-08,-1.82603e-08,0,0.00052,-0.00336116,-0.0542521,0.0147004,0.0116411,0.00319054,4.55657e-05
81,1,0.000311235,7.83918e-05,0,-2.00603e-08,-1.37786e-08,0,0.00046,0.0266489,-0.10122,-0.0111523,0.0117646,0.00231028,1.72248e-05
88,1,0.000289335,4.11653e-05,0,-2.14782e-08,-1.77428e-08,0,0.00044,0.0156602,0.298959,0.0568197,0.0125501,0.00284588,-4.19173e-06
69,1,0.000272657,3.48791e-05,0,-5.13858e-08,-2.53255e-08,0,0.00048,-0.00774171,0.0899744,-0.105024,0.0125355,0.00202102,3.70504e-05
7,1,0.000254446,9.89836e-06,0,-9.51182e-08,-4.47965e-08,0,0.00056,-0.0187492,-0.0824134,0.0260571,0.0135009,0.00220795,3.74342e-05
9,1,0.000267682,1.6921e-05,0,-3.18004e-08,-5.67084e-08,0,0.00056,0.012367,0.0453714,-0.0473801,0.0136018,0.00321853,-3.93388e-05
22,1,0.000252487,1.71003e-05,0,-6.66153e-08,-2.38521e-08,0,0.00054,-0.131717,0.0256755,0.0147778,0.0144388,0.00263628,1.87838e-05
34,1,0.000248381,6.25348e-06,0,-5.89622e-08,7.61739e-09,0,0.00052,-0.00950161,0.0775189,-0.0258395,0.0152103,0.00210153,-1.66342e-05
65,1,0.000272017,-4.70431e-06,0,-4.58941e-08,2.61637e-09,0,0.00048,0.0138277,-0.0809599,-0.0370212,0.015352,0.00298842,-2.11042e-05
24,1,0.000266114,-3.2991e-05,0,-7.9271e-08,1.87132e-08,0,0.00052,0.0608029,0.039088,0.0123481,0.0162267,0.00257228,2.94528e-05
73,1,0.000259899,-1.31476e-05,0,-6.55192e-08,1.1959e-08,0,0.00046,0.0910879,0.0105203,0.0122711,0.0171157,0.00286618,6.56493e-06
20,1,0.000237783,-7.9135e-06,0,-1.36668e-07,-8.28158e-10,0,0.00054,-0.00499311,-0.083664,-0.0349821,0.017732,0.00214951,-2.66714e-05
1,1,0.000267906,-2.20126e-05,0,-1.24619e-07,-1.95942e-08,0,0.00058,-0.0230821,0.00187774,-0.0311477,0.0181046,0.00310966,1.15215e-05
47,1,0.000234066,-4.5681e-05,0,-1.02935e-07,-1.98884e-08,0,0.0005,0.0327683,0.0882065,-0.0446144,0.0187317,0.00197761,4.33922e-05
35,1,0.000258947,-3.56528e-05,0,-7.52453e-08,-4.17633e-08,0,0.00052,0.00406869,0.00682126,0.000317358,0.0190961,0.00283742,2.4953e-06
93,1,0.000241234,-3.50656e-05,0,-3.61459e-08,-3.60706e-08,0,0.00042,-0.0216938,0.00598757,-0.0499709,0.0198205,0.00236832,4.12499e-05
56,1,0.000266932,-4.05549e-05,0,-4.53296e-08,-5.04819e-08,0,0.0005,0.00485998,-0.0122098,-0.020462,0.0199529,0.00323845,-2.12721e-05
109,1,0.00029791,-5.16554e-05,0,-3.25807e-08,-2.35065e-08,0,0.00054,0.00817703,0.00251905,-0.0210935,0.0010214,0.0045759,-2.57589e-05
125,1,0.000283105,-4.33359e-05,0,-3.18387e-08,-3.42401e-08,0,0.00052,0.00740475,0.0217838,0.00502745,0.000823758,0.00361208,9.36883e-06
157,1,0.000289261,-4.51876e-05,0,-4.02126e-08,-4.20681e-08,0,0.0005,-0.000887679,-0.019495,-0.0194926,2.61802e-05,0.00416897,1.35755e-05
190,1,0.000286279,-6.82479e-05,0,-1.25345e-08,-7.73041e-09,0,0.00044,-0.0167932,-0.0060985,-0.0300249,0.00170618,0.00392445,2.78794e-05
151,1,0.000306551,-6.53661e-05,0,-1.45852e-08,9.92861e-09,0,0.0005,0.0652461,0.0289587,-0.0101792,0.00189202,0.00491816,2.72027e-05
185,1,0.000297906,-7.29218e-05,0,-7.78629e-09,1.42112e-08,0,0.00046,-0.0671719,-0.0520636,-0.00973402,0.00250677,0.00427836,-3.17454e-05
51,1,0.000287171,-7.83186e-05,0,-6.10698e-09,2.0561e-08,0,0.0005,0.0781424,0.045241,-0.00799882,0.00314412,0.00365633,-3.11061e-05
192,1,0.000302377,-7.69873e-05,0,-1.67906e-09,1.43165e-08,0,0.00044,-0.0674194,0.032175,-0.0207456,0.00334487,0.00452651,3.50109e-05
77,1,0.000291559,-8.59883e-05,0,1.74036e-09,1.71825e-08,0,0.00046,0.0197726,-0.00590992,-0.0106142,0.0039658,0.00398378,2.15234e-05
101,1,0.000312193,-8.75842e-05,0,5.42129e-08,-8.94674e-09,0,0.00056,0.0408802,0.105497,-0.0345109,0.00446189,0.0048151,-2.13321e-05
18,1,0.00028424,-0.000106926,0,1.08946e-08,2.5211e-08,0,0.00054,-0.0947929,0.0236214,-0.0271537,0.00486036,0.00382607,-3.02218e-05
172,1,0.000320392,-3.96984e-05,0,8.65188e-08,4.261e-09,0,0.00048,0.351299,-0.174958,0.149998,0.00544386,0.00467991,-1.72291e-05
5,1,0.000309365,-9.73253e-06,0,6.11326e-08,2.00156e-07,0,0.00056,-0.167775,0.0404614,0.215379,0.00582733,0.00357654,4.11056e-07
162,1,0.000337132,2.15845e-06,0,1.49887e-07,7.94363e-08,0,0.00048,0.239286,0.0116486,-0.0144267,0.00629829,0.00444829,3.07542e-05
12,1,0.000339784,1.19465e-05,0,2.4353e-07,1.58091e-07,0,0.00056,0.0341123,-0.109503,0.0227295,0.00716454,0.00408365,5.14548e-06
61,1,0.000336075,2.33368e-05,0,1.45013e-07,2.58973e-08,0,0.00048,-0.140801,0.110537,-0.0284462,0.00811914,0.00430965,4.42332e-05
37,1,0.00031827,1.77185e-05,0,1.75528e-07,-4.55394e-08,0,0.00052,-0.0164614,-0.0792323,0.000315718,0.00904081,0.00412514,4.93343e-05
149,1,0.000306944,2.82368e-05,0,1.14048e-07,-2.93655e-08,0,0.0005,0.019247,0.0820342,0.0361011,0.00979986,0.00469014,-4.39636e-05
76,1,0.00031405,3.23899e-05,0,8.36535e-08,-2.36849e-08,0,0.00046,-0.0893816,0.0591157,-0.0151587,0.0101686,0.00388178,-2.06407e-05
147,1,0.000313325,4.87003e-05,0,7.29161e-08,2.4134e-09,0,0.0005,0.0167062,-0.0759394,-0.00760048,0.0107459,0.00476527,-2.4127e-05
193,1,0.000307104,5.11699e-05,0,2.00073e-08,-1.51919e-08,0,0.00044,0.0646944,-0.0493439,-0.00899502,0.0112183,0.00401666,-3.72271e-05
139,1,0.000321406,5.697e-05,0,4.79845e-08,-2.13079e-08,0,0.0005,-0.0313433,0.0591892,-0.109325,0.0117112,0.00477608,-7.56683e-06
85,1,0.000290967,5.30559e-05,0,2.65271e-08,-1.32725e-08,0,0.00044,-0.00865531,0.0475844,0.0232804,0.0120763,0.00398254,1.35023e-05
177,1,0.00031746,2.73419e-05,0,3.70523e-08,-1.09981e-08,0,0.00046,-0.0195885,-0.0565226,0.03926,0.0125954,0.00464642,-4.51984e-05
94,1,0.000286635,4.85034e-05,0,7.36555e-09,-1.96495e-08,0,0.00042,0.0455214,-0.0799589,-0.0349695,0.0127452,0.00358272,4.70582e-05
95,1,0.000314393,2.60925e-05,0,2.76698e-08,-6.27414e-08,0,0.00058,-0.0252007,0.0625312,-0.0384824,0.013425,0.00421684,1.0814e-05
82,1,0.000316484,2.01591e-05,0,-1.0983e-08,5.3611e-10,0,0.00046,-0.112998,-0.120411,0.0305485,0.0143353,0.00447469,3.14585e-06
25,1,0.000284383,1.18934e-05,0,-4.23081e-08,-6.73823e-09,0,0.00052,0.138122,-0.0385035,-0.0964387,0.0145804,0.00361303,-4.25165e-05
194,1,0.000316263,2.367e-05,0,-3.49766e-08,3.32071e-08,0,0.00044,-0.0125415,0.0234424,-0.0267013,0.0149651,0.0049579,-1.25794e-06
58,1,0.000286402,-1.26816e-06,0,-6.81779e-08,1.32347e-08,0,0.0005,-0.0161062,0.0765008,0.000894193,0.0155366,0.0038301,-3.26099e-05
92,1,0.0003052,3.13851e-06,0,-3.79482e-08,1.5469e-08,0,0.00042,0.0270208,-0.0301082,-0.0386481,0.0156461,0.0046157,3.96798e-05
13,1,0.000278478,-1.30178e-05,0,-9.05356e-08,2.62813e-08,0,0.00054,-0.0459879,-0.0483101,-0.0278684,0.0164676,0.00355482,-2.03403e-05
135,1,0.000302893,-7.48916e-06,0,-6.37714e-08,1.25188e-08,0,0.0005,0.0375741,0.0195911,-0.00650244,0.0164935,0.00454562,-7.07934e-06
182,1,0.000284523,-1.68766e-05,0,-5.5682e-08,2.23336e-09,0,0.00046,-0.0217799,0.0392332,0.00281097,0.0173842,0.00377973,-3.43082e-05
105,1,0.000303828,-1.60745e-05,0,-8.3834e-08,-2.79553e-09,0,0.00056,0.023776,-0.00260343,-0.0206938,0.0174713,0.00473128,2.286e-05
99,1,0.000291437,-2.55793e-05,0,-8.72892e-08,-2.92433e-08,0,0.00056,0.0185285,-0.0250634,-0.0114741,0.0183232,0.0041545,1.9512e-05
160,1,0.000279364,-3.35784e-05,0,-4.59668e-08,-3.26153e-08,0,0.00048,-0.00433169,0.0178947,-0.021873,0.019189,0.00376484,5.32063e-06
171,1,0.00030089,-3.8152e-05,0,-3.89321e-08,-3.13664e-08,0,0.00048,0.00978861,0.0040295,-0.0120574,0.0192743,0.00470104,-2.43024e-05
98,1,0.000312826,-5.93641e-05,0,-5.33117e-08,-1.91975e-08,0,0.00058,-0.0261851,-0.026956,-0.00941109,0.00114996,0.00567258,-5.04024e-06
158,1,0.000340985,-3.9868e-05,0,-2.84018e-08,-1.78996e-08,0,0.00048,0.00697303,0.0239901,-0.0823928,0.00022282,0.00616375,4.23607e-05
96,1,0.000306131,-4.67451e-05,0,-5.89887e-08,-4.75796e-08,0,0.00058,-0.00727877,-0.000969769,-0.00546069,0.000184686,0.00516243,-1.47472e-05
150,1,0.000312934,-6.42665e-05,0,-1.97836e-08,2.01454e-08,0,0.0005,-0.0552882,0.0230742,-0.000815075,0.00214131,0.00582046,-1.6913e-05
152,1,0.000311923,-6.88846e-05,0,-3.64095e-09,2.18643e-08,0,0.0005,0.0405337,-0.0057757,-0.00904915,0.00278735,0.00517622,-2.6529e-06
164,1,0.000317372,-6.39828e-05,0,9.69822e-09,1.61335e-08,0,0.00048,-0.0634759,-0.0690122,-0.00376077,0.00301575,0.00608418,2.01859e-05
173,1,0.000319651,-6.83124e-05,0,2.09489e-08,2.84734e-09,0,0.00048,-0.20124,-0.0267635,0.000894301,0.00365749,0.00538311,4.476e-05
184,1,0.000322501,-6.65829e-05,0,2.19245e-08,-5.58748e-09,0,0.00046,0.0493164,0.073742,0.00196168,0.00384964,0.00635113,1.76588e-05
189,1,0.000329576,-7.09672e-05,0,2.535e-08,-1.22747e-08,0,0.00044,-0.047105,-0.101463,0.0102734,0.00442556,0.00576431,-2.41619e-05
118,1,0.000320911,-5.15623e-05,0,-2.90557e-08,-9.0768e-09,0,0.00054,0.168281,0.269416,0.00353977,0.00494106,0.00653134,-4.22073e-05
134,1,0.000348559,-3.20267e-05,0,6.94323e-08,9.64029e-09,0,0.00052,-0.342188,0.15426,0.0835525,0.00528804,0.0056203,-4.22335e-05
187,1,0.00019778,7.25915e-05,0,0,0,0,0.00046,-6.51618,2.12076,0.117215,0.00598149,0.00630797,4.20701e-05
154,1,0.000362418,2.17164e-05,0,9.65363e-08,4.68988e-08,0,0.0005,-0.225609,0.016475,-0.0225963,0.00616864,0.00534113,2.90979e-05
133,1,0.000422206,-1.93631e-05,0,2.66435e-09,1.1999e-07,0,0.00052,0.0602008,-0.126414,-0.135105,0.00692584,0.00594865,2.24799e-05
168,1,0.000342607,-6.66073e-06,0,1.60771e-07,1.09804e-07,0,0.00048,-0.045624,0.0785258,-0.0277567,0.00705499,0.00503659,-5.06646e-06
146,1,0.000408709,4.40987e-05,0,2.80652e-08,-7.34251e-08,0,0.0005,-0.124327,0.0816318,0.0422834,0.00786559,0.00620887,1.83575e-05
43,1,0.000330181,2.41409e-05,0,2.71783e-07,2.50234e-08,0,0.0005,0.129082,-0.052732,0.0756146,0.00797725,0.00524673,-3.67063e-05
167,1,0.000342588,2.42208e-05,0,1.81488e-07,-5.94815e-08,0,0.00048,0.0348609,0.0104984,-0.0668038,0.00888097,0.00502047,4.50596e-05
169,1,0.000404617,3.50457e-05,0,7.90357e-08,-7.59253e-08,0,0.00048,-0.0344764,-0.0222069,-0.0582762,0.00875108,0.00588581,2.60985e-05
170,1,0.000420809,3.69735e-05,0,4.34044e-08,-3.90143e-08,0,0.00048,0.0187566,0.00510007,0.0311085,0.00947371,0.00642686,-4.71426e-05
148,1,0.000366581,1.91682e-05,0,5.82967e-08,-3.75392e-08,0,0.0005,-0.0164402,-0.00821891,-0.158279,0.00983287,0.00561157,3.81834e-05
106,1,0.000405746,5.48334e-05,0,3.69927e-08,-1.99729e-08,0,0.00056,-0.0109095,-0.00261171,0.00843843,0.0104507,0.00662287,-2.02095e-05
137,1,0.000363218,4.98192e-05,0,7.34426e-08,3.82688e-09,0,0.0005,-0.0153217,0.0695385,-0.0868652,0.0107915,0.0057049,-4.83823e-05
143,1,0.00037619,3.57709e-05,0,3.20622e-08,-1.57494e-08,0,0.0005,-0.0138943,0.00619997,-0.070491,0.0114812,0.00645153,3.12852e-05
196,1,0.000355386,4.38798e-05,0,3.84973e-08,-1.18015e-08,0,0.00042,0.0352802,-0.0872676,0.0588774,0.0116296,0.0056124,3.21564e-05
132,1,0.000380323,3.91762e-05,0,7.45213e-09,-1.69356e-08,0,0.00052,-0.0216853,-0.016622,-0.00355918,0.012444,0.00640891,7.74856e-06
142,1,0.000343841,3.12131e-05,0,4.4271e-08,-8.06649e-09,0,0.0005,0.0183436,0.0663,-0.0853304,0.0124921,0.00549521,2.89194e-05
122,1,0.000368839,2.90695e-05,0,-1.27073e-08,-3.21339e-08,0,0.00052,-0.0145576,0.0303671,-0.0281328,0.0133679,0.00616184,-1.13161e-05
121,1,0.000345782,2.83583e-05,0,1.93449e-08,-4.39788e-08,0,0.00052,0.0231499,-0.0888416,-0.0232961,0.0134243,0.00520964,6.87793e-06
195,1,0.000354483,2.51079e-05,0,-7.29285e-09,1.44414e-08,0,0.00044,-0.124078,0.0250811,0.0182082,0.0141479,0.00580153,-2.73404e-05
159,1,0.000344952,2.28732e-05,0,-1.57837e-08,4.44403e-08,0,0.00048,0.00947327,-0.0142051,-0.0374654,0.0149612,0.00575359,2.716e-05
103,1,0.000363777,1.75008e-05,0,1.60006e-08,5.43359e-08,0,0.00056,-0.00997335,-0.00263103,-0.00760632,0.0151971,0.00663838,1.00341e-06
131,1,0.000329827,4.88101e-06,0,-4.10847e-08,2.92682e-08,0,0.00052,-0.0235813,0.0145508,-0.0108518,0.0158194,0.00545097,4.40858e-05
102,1,0.000348796,3.23189e-06,0,-1.96508e-08,3.68922e-08,0,0.00056,0.0280613,-0.00460726,-0.0244875,0.0162567,0.00637637,-2.06108e-05
115,1,0.000324697,-6.29978e-06,0,-5.37892e-08,1.56561e-08,0,0.00054,-0.0195056,-0.0126926,-0.0204406,0.016794,0.00549372,3.45424e-05
180,1,0.000343054,-1.12843e-05,0,-1.8103e-08,3.0258e-09,0,0.00046,0.0130057,0.00355333,-0.0157296,0.0172263,0.00631781,1.27382e-05
197,1,0.000326294,-1.78195e-05,0,-2.36163e-08,-4.37519e-09,0,0.00042,-0.024704,0.0138901,-0.0154359,0.0176888,0.00563904,1.2658e-05
145,1,0.00033591,-2.51447e-05,0,-3.35902e-08,-1.60632e-08,0,0.0005,0.0170504,-0.0149965,-0.0156764,0.0184324,0.0061084,-3.07296e-05
117,1,0.000313317,-2.84268e-05,0,-5.99399e-08,-2.77081e-08,0,0.00054,-0.0191123,0.00821599,-0.0232535,0.01845,0.00516169,-5.37633e-06
114,1,0.000323351,-3.91232e-05,0,-4.94303e-08,-4.05335e-08,0,0.00054,0.0241308,-0.00428324,-0.0296134,0.0193229,0.00571655,-4.55597e-05
116,1,0.000358945,-5.84566e-05,0,-3.65943e-08,-2.10238e-08,0,0.00054,0.0297636,-0.00012524,-0.0826116,0.00103512,0.00673149,-3.07794e-05
291,1,0.000396465,-5.08956e-05,0,-1.35922e-09,-2.93253e-09,0,0.00046,-0.0440246,0.0647789,0.0120877,0.000838107,0.00765797,-3.5681e-05
128,1,0.000368399,-3.30215e-05,0,-2.84988e-08,-1.0659e-08,0,0.00052,0.000209361,-0.0161831,0.0264041,6.92097e-05,0.00708864,-3.30909e-05
243,1,0.000400405,-3.78625e-05,0,-1.27204e-08,2.01839e-08,0,0.0005,-0.0273975,-0.058969,0.0166773,0.00178784,0.00760598,-4.5525e-06
247,1,0.00036194,-5.35937e-05,0,-1.77078e-08,2.3756e-08,0,0.0005,0.0599279,-0.0560456,-0.110135,0.00204787,0.00672656,-3.2558e-05
300,1,0.000370683,-4.85651e-05,0,7.14572e-10,1.19891e-08,0,0.00042,-0.0066771,-0.00722917,-0.0557652,0.00301149,0.00785754,-2.70922e-06
123,1,0.000336774,-5.92893e-05,0,3.05048e-08,1.98008e-08,0,0.00052,0.0263719,-0.124159,-0.026691,0.00317869,0.00701241,-3.94419e-05
248,1,0.00037701,-5.34395e-05,0,5.92659e-09,3.08277e-08,0,0.0005,0.32151,-0.21611,-0.0433665,0.00389103,0.00813226,4.46827e-05
144,1,0.000341828,-5.87934e-05,0,-2.39866e-08,1.07852e-08,0,0.0005,-0.13475,-0.331792,-0.0271629,0.00420704,0.00722391,1.64328e-05
259,1,0.000386839,-4.29648e-05,0,-7.20864e-09,3.6653e-08,0,0.0005,0.0614012,0.160137,0.0287098,0.00484294,0.00800401,-2.56433e-05
161,1,0.000363165,-6.25165e-05,0,-4.37911e-08,7.90642e-09,0,0.00048,-0.0851513,-0.143208,-0.0944688,0.00545728,0.0073047,-2.82612e-05
174,1,0.000393467,-5.83492e-05,0,-4.1848e-09,1.01693e-09,0,0.00046,0.00690152,-0.0612058,0.0261732,0.00577402,0.00811081,4.29821e-06
176,1,0.00040552,-4.23598e-05,0,2.40257e-08,3.27335e-08,0,0.00046,0.0294105,0.0382774,0.0218816,0.00647929,0.0077144,4.21792e-05
119,1,0.000450658,-2.04888e-05,0,-4.90232e-09,8.66005e-08,0,0.00054,-0.0547558,0.0442979,0.0850873,0.00683454,0.00690388,-3.70828e-05
296,1,0.000403261,-2.73006e-05,0,-3.13359e-09,3.52227e-08,0,0.00044,0.000170186,-0.0271621,0.0283247,0.00724959,0.00805037,-3.96098e-06
166,1,0.000431938,5.62733e-05,0,4.30389e-08,-5.792e-08,0,0.00048,0.128353,-0.0377973,-0.0911022,0.00777643,0.00716371,-3.83096e-05
191,1,0.00040521,2.21824e-06,0,-2.37902e-09,-1.46259e-08,0,0.00044,0.00764654,0.0280041,0.0377674,0.00802879,0.00817978,-1.89411e-05
156,1,0.000420462,2.39677e-05,0,2.90733e-08,-8.6229e-08,0,0.0005,0.0362104,-0.0311106,0.0143507,0.00864563,0.00681099,-1.8988e-06
113,1,0.000410225,2.54455e-05,0,-1.28514e-08,-8.425e-08,0,0.00054,-0.0322773,-0.00418936,0.0133438,0.00879781,0.00775132,-3.33274e-05
136,1,0.000404995,3.36808e-05,0,-1.35479e-08,-4.72862e-08,0,0.0005,0.0104168,-0.0137143,0.00602651,0.00960738,0.0083257,-3.46879e-05
108,1,0.000407648,3.92112e-05,0,9.37819e-09,-5.32657e-08,0,0.00054,-0.0102366,0.0232099,0.00474217,0.00970162,0.00733744,-1.46308e-05
175,1,0.000405083,3.94244e-05,0,-6.61015e-09,-2.48107e-08,0,0.00046,0.0293778,-0.0123576,0.00436511,0.0104253,0.00794433,2.46256e-05
97,1,0.000404071,4.62513e-05,0,-1.13428e-08,-4.46449e-08,0,0.00058,0.00714733,-0.00483181,-0.00011823,0.0112166,0.00740944,-1.12464e-05
127,1,0.000401823,4.10879e-05,0,-5.606e-09,-3.11322e-08,0,0.00052,-0.0229201,-0.0112722,-0.000684444,0.0119849,0.00815981,-4.70278e-05
138,1,0.000393678,4.02067e-05,0,2.31541e-09,-2.1383e-08,0,0.0005,0.027069,-4.74183e-05,-0.0173262,0.0122427,0.0072917,1.72877e-05
124,1,0.00039718,3.60416e-05,0,-7.40391e-10,-2.18601e-08,0,0.00052,-0.00608572,0.0133201,-0.0119647,0.0129443,0.00806975,7.98975e-06
112,1,0.00038711,3.27628e-05,0,1.39776e-09,-2.3316e-08,0,0.00054,0.00592691,-0.0039316,-0.00470592,0.0132329,0.00712345,3.67542e-05
111,1,0.000392147,2.93469e-05,0,-2.93818e-09,-9.94687e-09,0,0.00054,-0.0119978,-0.00768043,-0.00673574,0.0139341,0.00790328,-1.8846e-05
140,1,0.000376796,2.71799e-05,0,1.51587e-08,9.60767e-09,0,0.0005,0.0158925,0.000474716,-0.0186821,0.0142358,0.00695115,-4.44854e-05
179,1,0.000377433,2.18379e-05,0,5.44261e-09,2.61209e-08,0,0.00046,0.00849747,0.0296922,-0.0215642,0.0150202,0.0075612,3.81307e-05
141,1,0.000388844,1.23474e-05,0,4.68586e-09,3.32676e-08,0,0.0005,0.0271835,0.00828813,-0.0208603,0.0156356,0.00821169,-4.89198e-05
110,1,0.000370511,8.35688e-06,0,6.92928e-09,4.37878e-08,0,0.00054,-0.0206142,-0.0197014,-0.0143156,0.0159664,0.00734141,-4.65545e-05
120,1,0.000383919,-1.46699e-07,0,-2.96561e-10,3.37196e-08,0,0.00052,0.0130618,0.00540188,-0.0217273,0.0166556,0.00811738,-3.20614e-05
153,1,0.000363392,-4.62458e-06,0,-1.08436e-08,1.77854e-08,0,0.0005,-0.020398,0.0229134,-0.0204498,0.0169626,0.00719157,3.54227e-05
155,1,0.000374966,-1.46198e-05,0,-2.28784e-08,6.08323e-09,0,0.0005,0.00504096,-0.0299087,-0.0169853,0.0177286,0.00779724,-2.80691e-05
107,1,0.000355211,-1.93627e-05,0,-2.73127e-08,-5.88364e-09,0,0.00054,-0.00220003,-0.000713019,-0.0219855,0.0179434,0.00689623,1.90715e-05
130,1,0.000369872,-2.80177e-05,0,-2.69177e-08,-6.80372e-09,0,0.00052,0.0236464,0.0199754,-0.00500908,0.0187333,0.00753039,2.2788e-05
163,1,0.000355685,-3.66909e-05,0,-2.23129e-08,-1.84997e-08,0,0.00048,-0.0331668,0.0012867,-0.0319645,0.0191758,0.00668938,-2.4844e-05
183,1,0.000374093,-3.78591e-05,0,-1.31247e-08,-4.50535e-09,0,0.00046,0.0143997,-0.00972623,-0.031683,0.0196008,0.00786759,4.85236e-05
235,1,0.000390399,-3.97233e-05,0,-1.99031e-08,2.29882e-08,0,0.00052,0.0664288,-0.0159014,0.00706348,0.00134205,0.0084513,1.54215e-05
203,1,0.000391156,-3.97355e-05,0,-3.34285e-08,1.35223e-08,0,0.00058,-0.0512666,-0.0141096,0.00958713,0.000942823,0.00943195,3.09174e-06
221,1,0.000388224,-4.74042e-05,0,-1.46855e-08,-2.69961e-09,0,0.00054,-0.00863728,0.0136661,0.000364248,0.000338308,0.00845537,-4.73944e-05
244,1,0.000394042,-3.20536e-05,0,-1.18814e-08,2.82292e-08,0,0.0005,-0.0222572,0.0348247,0.00865339,0.00192779,0.00926914,-9.05165e-06
255,1,0.000391783,-3.45355e-05,0,-1.82937e-08,2.05915e-08,0,0.0005,-0.00184527,0.0153565,-0.00533726,0.00230505,0.00839212,1.70983e-05
299,1,0.000401141,-3.61438e-05,0,3.62698e-10,1.87814e-08,0,0.00044,0.0212004,-0.0452577,-0.0215065,0.00277463,0.00945006,-7.6113e-06
269,1,0.000391561,-4.21447e-05,0,-9.37988e-09,1.65915e-08,0,0.00048,0.0036855,-0.0192759,-0.00147289,0.00314758,0.00868358,4.26166e-05
230,1,0.000399564,-5.05328e-05,0,3.73523e-09,2.4639e-08,0,0.00052,0.0102379,0.0414628,-0.0215382,0.0036608,0.00942148,-2.75196e-05
263,1,0.000398272,-4.72929e-05,0,-6.62826e-10,1.49908e-08,0,0.0005,-0.115691,0.0140339,0.0302687,0.00442608,0.00899445,-4.17269e-05
266,1,0.000411609,-4.6658e-05,0,7.64701e-09,2.26998e-08,0,0.00048,-0.0261887,-0.0044158,-0.00823177,0.00515427,0.0098981,-3.81409e-05
208,1,0.000396147,-4.60786e-05,0,-1.17172e-09,1.92051e-08,0,0.00056,0.02363,-0.00346899,-0.0271706,0.00533851,0.00889589,-1.3764e-05
246,1,0.000403934,-4.23775e-05,0,-5.82218e-09,1.04894e-08,0,0.0005,-0.0135893,0.0169053,0.00874624,0.00602983,0.00955942,-1.72888e-05
209,1,0.000395316,-4.00348e-05,0,-2.18385e-08,2.16483e-08,0,0.00056,-0.0199794,0.0388458,-0.00214255,0.00655531,0.00868441,1.49646e-05
211,1,0.000402112,-3.82176e-05,0,-6.63991e-10,-2.09706e-08,0,0.00056,0.0329959,-0.0123384,-0.0153334,0.00699617,0.00964728,-3.84248e-05
226,1,0.000400147,-1.22448e-05,0,-2.30189e-08,-4.21215e-08,0,0.00052,-0.0187275,-0.00114562,0.05708,0.00780172,0.00906848,2.41907e-05
204,1,0.00040682,2.62162e-05,0,1.01303e-08,-8.01497e-08,0,0.00058,-0.0179439,0.00402332,-0.0134336,0.0087435,0.00979191,3.19371e-06
214,1,0.000402381,2.27187e-05,0,-1.27096e-08,-6.88908e-08,0,0.00054,0.0238859,-7.12002e-05,0.0076557,0.00874911,0.00876332,2.66777e-05
287,1,0.000403563,2.83325e-05,0,-4.75307e-09,-3.69259e-08,0,0.00046,-0.00372948,0.0101717,0.0077692,0.00956916,0.00927519,7.50784e-06
227,1,0.0004075,2.86696e-05,0,4.74588e-09,-4.63995e-08,0,0.00052,0.026059,0.018601,0.000853452,0.0102687,0.00990081,4.80946e-05
100,1,0.000404759,3.49876e-05,0,-1.19025e-08,-5.62018e-08,0,0.00056,-0.0245419,0.00404945,-0.000106942,0.0104382,0.00889671,-3.38667e-05
198,1,0.00040317,4.06753e-05,0,-3.79684e-09,-1.95334e-08,0,0.00042,-0.0108429,0.0255628,0.0031253,0.0111449,0.00835694,-3.99128e-05
231,1,0.000406991,3.4593e-05,0,-4.17775e-09,-4.36198e-08,0,0.00052,0.00272011,-0.0271397,0.000680102,0.0111468,0.00960855,4.87165e-05
181,1,0.000404351,3.64827e-05,0,-4.51362e-09,-2.45349e-08,0,0.00046,0.0290609,-0.00109761,-0.00587111,0.0117482,0.00898753,5.5329e-07
273,1,0.000409633,2.9676e-05,0,-3.54306e-09,-3.05304e-08,0,0.00048,-0.0134191,0.0235274,-0.0110767,0.0121027,0.00977073,1.2865e-05
129,1,0.00040396,3.37561e-05,0,-5.58176e-09,-2.83305e-08,0,0.00052,-0.00245747,0.00231678,0.00227112,0.0126721,0.00901822,-1.04316e-05
302,1,0.000412225,2.69576e-05,0,2.94729e-09,-1.08411e-08,0,0.00042,0.026294,0.0126174,-0.032161,0.0133645,0.00963901,-1.11344e-05
178,1,0.000402672,3.18038e-05,0,-6.29061e-10,-1.13602e-08,0,0.00046,0.0180779,-0.00653817,-0.00869611,0.0135519,0.00878176,-4.92713e-05
199,1,0.000408885,2.72148e-05,0,-3.10335e-09,1.69673e-09,0,0.00042,-0.0294631,0.00179009,-0.0121594,0.0141419,0.00932996,-4.45245e-05
188,1,0.000392857,2.40127e-05,0,-3.75114e-09,1.26712e-08,0,0.00044,-0.019555,-0.00954137,-0.0105394,0.0147374,0.00834861,-2.9739e-05
104,1,0.000405437,1.73658e-05,0,-1.06008e-08,3.16159e-08,0,0.00056,0.0133119,-0.0018661,-0.0143352,0.0150448,0.00923614,-3.81694e-05
186,1,0.000401576,8.5532e-06,0,-4.132e-09,2.54347e-08,0,0.00046,-0.0244517,0.00605482,-0.00757731,0.015923,0.00898247,2.59556e-05
229,1,0.000413993,5.49802e-06,0,-5.31373e-10,3.59168e-08,0,0.00052,0.0260892,0.00729581,-0.0188984,0.0162861,0.00981349,-1.57412e-05
304,1,0.000400181,4.15726e-07,0,-3.12333e-09,1.81088e-08,0,0.00042,-0.0213519,-0.0098627,-0.0120581,0.0166928,0.00900335,-2.04116e-05
206,1,0.0004096,-7.72895e-06,0,-1.22106e-09,3.23542e-08,0,0.00056,-0.00596016,-0.0127947,-0.015543,0.0173232,0.00963739,-2.37608e-06
232,1,0.000392304,-9.92599e-06,0,-8.05737e-09,1.77365e-08,0,0.00052,0.00393807,0.0100939,-0.0180388,0.0175152,0.00868954,1.47771e-05
281,1,0.000403394,-1.98511e-05,0,-7.60195e-09,1.1838e-08,0,0.00046,0.0357789,0.0102919,-0.0118631,0.0182194,0.00934137,3.24679e-05
126,1,0.000386035,-2.55632e-05,0,-1.69515e-08,2.75147e-09,0,0.00052,-0.0327465,-0.00100812,-0.0202104,0.0184533,0.00845012,-2.4969e-05
249,1,0.000404144,-2.82104e-05,0,-1.10575e-08,4.73326e-09,0,0.0005,0.00140574,-0.0025275,-0.0179113,0.0190676,0.00959011,-2.10203e-05
288,1,0.000390122,-3.39914e-05,0,-1.35743e-08,9.05598e-10,0,0.00046,-0.00398158,-0.00948768,-0.0037511,0.0193282,0.00869562,-4.57402e-05
260,1,0.000396277,-4.08724e-05,0,-1.88256e-08,-2.42652e-09,0,0.0005,0.00261517,0.00616941,-0.0177174,0.0199612,0.00932097,-3.04875e-05
236,1,0.000421962,-4.28977e-05,0,1.10452e-08,2.20242e-09,0,0.00052,0.034376,-0.00928523,0.0190975,0.00137598,0.0104062,9.56966e-07
298,1,0.000433782,-3.73919e-05,0,1.01535e-08,1.83718e-09,0,0.00044,0.00898311,-0.00392272,0.0139213,0.00132097,0.0113462,7.82155e-06
254,1,0.000427232,-4.06272e-05,0,6.814e-09,-3.80498e-09,0,0.0005,-0.013787,-0.000717584,-0.0178822,0.000585144,0.0108782,2.14731e-05
212,1,0.000430698,-3.24322e-05,0,2.66882e-08,2.33144e-08,0,0.00056,-0.0160718,0.00489525,-0.00910261,0.00227133,0.0111817,-1.47463e-05
261,1,0.00041849,-3.41042e-05,0,1.30216e-08,2.45294e-08,0,0.0005,0.0167775,-0.00574511,-0.00681816,0.00226939,0.0101672,-1.60515e-05
219,1,0.000415993,-4.29182e-05,0,1.78758e-08,3.24432e-08,0,0.00054,-0.032432,0.00302442,-0.0141334,0.00323701,0.0102887,-9.96495e-06
265,1,0.000427527,-4.01036e-05,0,1.81087e-08,2.27329e-08,0,0.00048,0.0363348,-0.00414358,-0.0124866,0.00328146,0.0112177,-4.13942e-05
239,1,0.000418603,-5.62302e-05,0,2.23714e-08,3.4955e-08,0,0.00052,-0.0356566,0.00220546,-0.0283095,0.00419713,0.0111598,2.195e-05
256,1,0.000409377,-5.25952e-05,0,1.11607e-08,3.10782e-08,0,0.0005,0.032915,0.00343338,0.00972788,0.00426274,0.0101864,1.39627e-05
210,1,0.000407619,-4.96696e-05,0,3.82165e-08,4.4611e-08,0,0.00056,0.0226187,0.00386194,0.0341342,0.00513675,0.0109143,-2.83946e-05
234,1,0.000411063,-3.59509e-05,0,2.44785e-08,1.20511e-08,0,0.00052,0.0135192,-0.0256416,-0.00682301,0.00600338,0.0104961,1.50647e-05
293,1,0.000408819,-3.08798e-05,0,3.68865e-08,-1.05336e-08,0,0.00044,-0.0124158,0.0354019,0.00751635,0.0063661,0.0113486,4.3363e-05
220,1,0.000415317,-3.12321e-05,0,3.49992e-08,-3.31354e-08,0,0.00054,-0.034453,0.0231191,0.00654218,0.00694175,0.0106567,1.79805e-07
238,1,0.000404632,-2.04859e-05,0,3.9689e-08,-4.74164e-08,0,0.00052,0.043253,0.00550879,0.0225807,0.00727205,0.0116267,2.84116e-05
301,1,0.000419633,-4.38727e-06,0,1.61927e-08,-2.69262e-08,0,0.00042,-0.0181564,-0.0490931,0.0425359,0.00776815,0.0108846,2.7353e-05
280,1,0.000391537,-7.31443e-06,0,1.1178e-08,-2.76306e-08,0,0.00046,-0.0466696,0.013662,0.104238,0.00783573,0.010045,4.71162e-05
272,1,0.000411765,9.55815e-06,0,2.87899e-08,-4.60579e-08,0,0.00048,-0.0173147,-0.0107274,0.0164593,0.00820549,0.0116146,5.40968e-06
253,1,0.00041795,2.04673e-05,0,2.26894e-08,-5.22402e-08,0,0.0005,0.00944591,0.0392577,0.00623165,0.00857724,0.0107703,-4.24369e-05
270,1,0.000419619,2.17066e-05,0,1.69285e-08,-4.36992e-08,0,0.00048,0.0267013,0.0030891,-0.00100737,0.00913657,0.0114795,5.57899e-06
202,1,0.000414926,2.36704e-05,0,2.65068e-08,-7.24175e-08,0,0.00058,-0.0118342,-0.0305222,-0.00407761,0.00953861,0.0105526,6.96845e-06
250,1,0.000425087,2.22611e-05,0,1.03543e-08,-4.44765e-08,0,0.0005,0.000569567,0.00423876,-0.00407636,0.0100872,0.0114217,-2.60959e-05
284,1,0.000415936,1.98313e-05,0,7.89204e-09,-3.11402e-08,0,0.00046,-0.0147103,0.00280525,-0.025076,0.0106426,0.0107043,4.66205e-05
275,1,0.00043131,1.11097e-05,0,6.26803e-09,-3.3828e-08,0,0.00048,0.0136197,-0.000330878,-0.0113542,0.0110236,0.0114796,3.55182e-05
277,1,0.000418369,3.28045e-05,0,2.18092e-09,-3.08918e-08,0,0.00048,-0.0122257,0.00713645,-0.0178758,0.0115236,0.0104733,4.42072e-05
228,1,0.000434152,2.21158e-05,0,7.24481e-09,-3.90866e-08,0,0.00052,0.00904096,-0.00522629,-0.0190442,0.011924,0.0113063,-2.7703e-05
285,1,0.000421634,2.16581e-05,0,2.10168e-09,-2.82401e-08,0,0.00046,0.0109362,-0.0150154,-0.00798633,0.0124291,0.0105655,1.30127e-05
200,1,0.000424212,2.52427e-05,0,1.53776e-09,-1.8393e-08,0,0.00058,-0.022544,0.00945545,0.00664747,0.013377,0.0106278,1.74262e-06
264,1,0.000433904,2.21705e-05,0,-1.80181e-09,1.33478e-08,0,0.00048,-0.0236655,-0.0380664,-0.0199755,0.0142456,0.0111152,3.54547e-06
241,1,0.000421024,2.47314e-05,0,-7.16143e-10,1.14966e-08,0,0.0005,0.0243116,-0.00948605,-0.00995212,0.0142929,0.0101816,4.93873e-05
276,1,0.000434783,1.36844e-05,0,1.93883e-09,2.10993e-08,0,0.00048,0.0138441,0.0378507,-0.00654499,0.0151142,0.0109277,7.96265e-06
297,1,0.000421177,1.35923e-05,0,-1.05326e-09,1.36398e-08,0,0.00044,-0.0175055,0.00989,-0.0219422,0.0151698,0.0101165,-4.34141e-05
201,1,0.000432283,7.34366e-06,0,4.03342e-09,4.71708e-08,0,0.00058,-0.021007,-0.0277858,-0.0129736,0.01607,0.0108028,-9.33208e-06
207,1,0.000442696,-2.14506e-06,0,3.59865e-09,3.62914e-08,0,0.00056,-0.0062912,-0.00747902,-0.013367,0.0169727,0.0115453,-2.79071e-05
224,1,0.000426675,-4.49346e-06,0,9.0322e-10,3.23681e-08,0,0.00054,0.00243314,0.0332068,-0.0167639,0.0170855,0.0105754,-3.72943e-05
289,1,0.000436813,-1.11968e-05,0,2.32878e-09,1.6799e-08,0,0.00046,0.0447739,-0.00112083,-0.0107603,0.0178592,0.0112667,-3.34068e-05
205,1,0.000420898,-1.74134e-05,0,4.45129e-10,2.88693e-08,0,0.00056,-0.0308051,-0.0228177,-0.0140735,0.0181315,0.0103268,-1.82378e-05
257,1,0.000435616,-2.02637e-05,0,4.60435e-09,1.46345e-08,0,0.0005,-0.00885034,0.000908383,-0.0170379,0.0187327,0.0112669,-4.99548e-05
295,1,0.000422155,-2.58816e-05,0,4.87491e-11,7.76343e-09,0,0.00044,-5.88586e-05,0.0231644,-0.0132001,0.0190582,0.0104779,8.34147e-06
218,1,0.000431871,-3.10696e-05,0,9.77443e-09,9.61138e-09,0,0.00054,0.0138567,-0.00141146,-0.00799551,0.0196688,0.0111953,-2.12959e-05
237,1,0.000416826,-3.59077e-05,0,-2.9576e-09,2.54472e-09,0,0.00052,-0.00579391,-0.0178661,-0.0180077,0.0198965,0.0102303,-3.49785e-05
392,1,0.000437686,-3.17306e-05,0,9.41725e-09,3.50641e-09,0,0.00044,-0.00641624,-0.0207475,-0.0080848,0.00132072,0.0121563,6.46138e-06
359,1,0.000449675,-2.54257e-05,0,1.41213e-08,4.00205e-09,0,0.0005,0.00863266,0.00773236,-0.0170968,0.000758697,0.0128062,-4.84058e-07
223,1,0.000436404,-3.12322e-05,0,1.55997e-08,3.38291e-09,0,0.00054,0.00857453,0.0218494,-0.000794681,0.000454179,0.0118574,-4.9699e-05
360,1,0.000446531,-2.91605e-05,0,1.80522e-08,6.28658e-09,0,0.0005,-0.0128184,-0.019005,-0.0142475,0.00176461,0.0128998,-1.31753e-05
396,1,0.000439119,-3.18459e-05,0,1.21736e-08,6.65503e-09,0,0.00044,0.0160729,0.0206722,0.000926245,0.00211317,0.0121302,-4.8395e-05
363,1,0.000444166,-3.14301e-05,0,2.26622e-08,9.50442e-09,0,0.00048,0.0215266,0.0219037,0.00714499,0.00267109,0.0128872,-1.17246e-06
252,1,0.000440585,-3.39533e-05,0,1.83019e-08,1.89851e-08,0,0.0005,-0.0243103,-0.0166479,-0.0104999,0.00291687,0.0120113,-3.72359e-05
322,1,0.000440274,-4.72196e-05,0,4.65644e-08,4.32136e-08,0,0.00054,0.0100682,-0.0139323,-0.049015,0.00359891,0.0131216,-5.27218e-06
331,1,0.000444753,-4.99746e-05,0,1.68036e-08,3.8702e-08,0,0.00052,0.0267961,0.0172909,-0.0298986,0.00382487,0.0120471,-4.1589e-05
332,1,0.000432949,-3.38152e-05,0,4.47315e-08,1.73749e-08,0,0.00052,0.00486816,0.0122821,0.0757926,0.00449538,0.0127122,-4.69919e-05
377,1,0.00042816,-4.01687e-05,0,9.10639e-09,1.45727e-08,0,0.00046,-0.0475222,0.0728753,-0.104197,0.00487459,0.0118566,2.70269e-05
376,1,0.000426857,-1.05372e-06,0,3.94655e-08,-2.36542e-08,0,0.00046,0.0169326,-0.0142712,-0.0108211,0.00534639,0.0127863,1.43924e-05
328,1,0.000413793,-1.72722e-05,0,7.39931e-08,-2.19563e-08,0,0.00052,-0.0139469,0.0127691,-0.0271452,0.00592945,0.0120993,2.96183e-05
327,1,0.000426566,-1.29229e-05,0,5.81466e-08,-2.55178e-08,0,0.00052,0.0246884,0.0265875,-0.00974024,0.00618787,0.013073,-3.62044e-05
317,1,0.000410148,-2.38269e-05,0,5.08336e-08,-5.15587e-08,0,0.00054,-0.0387176,-0.017373,-0.0263616,0.0069736,0.012556,-8.8818e-06
262,1,0.000407019,-3.11859e-06,0,2.59234e-08,-6.45758e-08,0,0.0005,0.00991013,0.0204268,0.0645613,0.00794802,0.01253,-3.24457e-07
303,1,0.000418931,2.16137e-05,0,1.21328e-08,-3.06514e-08,0,0.00042,-0.0201249,-0.0228885,-0.00623877,0.00875943,0.0122369,-2.60666e-05
292,1,0.000433977,2.12764e-05,0,8.80606e-09,-2.82784e-08,0,0.00044,0.00780927,-0.0174147,-0.0267488,0.00905451,0.0129593,-2.9504e-05
233,1,0.000426943,2.07562e-05,0,1.46023e-08,-5.07088e-08,0,0.00052,-0.0122418,0.0157098,0.00154909,0.00962099,0.0122761,1.74786e-05
319,1,0.000450961,8.5565e-06,0,3.74903e-09,-4.5406e-08,0,0.00054,0.0174362,-0.0150496,0.00770194,0.0101283,0.0131997,-7.28073e-06
320,1,0.000439539,1.45954e-05,0,5.80215e-09,-5.2211e-08,0,0.00054,-0.0049906,-0.00978571,-0.0158893,0.0105723,0.0122969,2.61725e-05
311,1,0.000451136,9.62727e-06,0,-5.63997e-09,-5.2027e-08,0,0.00056,0.00861992,0.0151182,-0.00576349,0.0111529,0.0130984,2.21972e-05
251,1,0.00044548,1.25439e-05,0,4.05617e-09,-3.51453e-08,0,0.0005,-0.0115767,0.00145089,0.000428162,0.0115686,0.0122178,2.40728e-05
357,1,0.000453534,1.0196e-05,0,-5.26114e-09,-2.62689e-08,0,0.0005,-0.00431308,-0.021673,-0.00266285,0.0120868,0.0130082,-1.09524e-05
242,1,0.000448459,1.05291e-05,0,3.95997e-09,-2.81028e-08,0,0.0005,-0.00515712,0.00646841,-0.0136149,0.0124812,0.0120819,1.14157e-05
222,1,0.000457236,9.80746e-06,0,-4.79318e-09,-1.19206e-08,0,0.00054,0.018812,0.0213236,0.000255312,0.0129968,0.0129243,-2.41459e-05
274,1,0.000450452,1.45614e-05,0,4.65188e-09,-3.14596e-09,0,0.00048,-0.0586972,-0.00122934,0.0235771,0.0133765,0.0119273,1.26179e-05
217,1,0.000459119,1.37172e-05,0,-2.27591e-09,1.32054e-08,0,0.00054,-0.0136249,-0.023117,0.000911657,0.0139106,0.0128304,4.99362e-05
245,1,0.000451179,1.8461e-05,0,8.53565e-10,1.76128e-08,0,0.0005,0.0225131,0.00354234,-0.013584,0.014282,0.0120023,9.49774e-06
258,1,0.000459561,1.15929e-05,0,-2.08858e-09,2.0043e-08,0,0.0005,0.00635056,0.0284054,-0.00687126,0.0148355,0.0128051,4.36203e-05
225,1,0.000447773,1.11682e-05,0,2.43258e-10,3.02633e-08,0,0.00054,-0.0105544,-0.00559329,-0.0112821,0.0151874,0.0118631,-4.18982e-05
213,1,0.00045848,5.9672e-06,0,3.00699e-10,3.33042e-08,0,0.00056,-0.0126468,-0.0248354,-0.00809603,0.0157779,0.0127359,3.44228e-06
286,1,0.000445549,5.45742e-06,0,6.88424e-10,2.25994e-08,0,0.00046,0.0300985,0.00334634,-0.00868947,0.0160668,0.0117471,4.40746e-05
279,1,0.000453659,1.22972e-06,0,2.67635e-09,1.95998e-08,0,0.00046,-0.00216273,0.03521,-0.00956729,0.0166019,0.0123866,1.46648e-06
282,1,0.000461419,-1.18233e-06,0,3.04564e-09,1.68811e-08,0,0.00046,0.0326712,0.0149766,-0.00810305,0.0169981,0.0131216,3.49515e-06
216,1,0.000453317,-6.22176e-06,0,6.84102e-09,2.64999e-08,0,0.00054,-0.0165317,-0.0273137,-0.00877731,0.0175359,0.012377,-1.27408e-05
400,1,0.000458077,-8.29924e-06,0,4.44422e-09,9.88643e-09,0,0.00042,-0.0247409,-0.00844726,-0.00843799,0.0181339,0.0129674,4.10288e-05
290,1,0.000448178,-1.48183e-05,0,4.82427e-09,1.33081e-08,0,0.00046,-0.012622,0.0432351,-0.0128277,0.0183483,0.0120258,-3.49974e-05
283,1,0.000455313,-1.55186e-05,0,7.53295e-09,9.99756e-09,0,0.00046,0.0187219,0.00854577,-0.0107488,0.0189204,0.0128505,-2.24734e-05
294,1,0.000448322,-2.10582e-05,0,4.62778e-09,7.40391e-09,0,0.00044,-0.0123158,-0.0384199,-0.00503072,0.0192075,0.0120319,-3.47829e-05
338,1,0.000451985,-1.96747e-05,0,1.23436e-08,7.63118e-09,0,0.00052,-0.0174608,-0.0051344,-0.00158711,0.0198292,0.012694,-2.52694e-05
310,1,0.000460479,-2.25047e-05,0,2.1481e-08,5.89592e-09,0,0.00056,0.00510575,0.0223604,-0.0082378,0.00126871,0.0136891,-2.39016e-05
333,1,0.000470905,-1.78258e-05,0,1.50077e-08,5.81143e-09,0,0.00052,-0.00598526,-0.0129313,-0.00873335,0.000864066,0.0145767,-3.38088e-05
342,1,0.000461196,-1.8264e-05,0,1.40458e-08,6.9753e-09,0,0.0005,-0.000230633,-0.0238241,-0.0062602,0.000319324,0.0136294,2.73575e-05
381,1,0.000470744,-2.25721e-05,0,1.03922e-08,3.86844e-09,0,0.00046,0.0241783,0.0158815,-0.00402199,0.00178538,0.014513,3.1619e-05
358,1,0.000459961,-3.07244e-05,0,1.70345e-08,8.19691e-09,0,0.0005,-0.0161621,-0.0269338,-0.021688,0.00226865,0.0137186,-4.48401e-05
389,1,0.000474414,-2.7699e-05,0,7.08664e-09,7.22341e-09,0,0.00044,-0.00904096,-0.0182693,-0.00536487,0.0026534,0.0144842,2.14614e-05
323,1,0.000476525,-3.77635e-05,0,8.9661e-09,2.82439e-08,0,0.00054,-0.0156379,0.0268389,-0.0143333,0.00349356,0.0141623,3.75063e-05
364,1,0.000472969,-1.5121e-05,0,1.23905e-08,1.10085e-09,0,0.00048,0.00491339,-0.0404654,0.0600431,0.00432681,0.0146205,1.77529e-05
330,1,0.00044734,-2.75838e-05,0,4.36896e-08,1.32535e-08,0,0.00052,-0.00701249,0.0476475,-0.108763,0.00448742,0.0136941,2.49655e-05
353,1,0.000478499,7.8694e-06,0,1.18951e-08,-2.53705e-08,0,0.0005,0.0134213,0.0371483,-0.0134022,0.00516958,0.0145219,-3.31627e-05
348,1,0.000450502,3.54443e-06,0,3.37385e-08,-3.03408e-08,0,0.0005,-0.0240731,-0.0245678,-0.0463695,0.00549149,0.0136772,3.83299e-05
306,1,0.00047913,-7.08185e-06,0,1.76463e-08,-2.57224e-08,0,0.00058,-0.0146182,-0.0312341,-0.0126058,0.00615176,0.0144634,-1.88293e-05
397,1,0.000451565,-3.37436e-05,0,1.75145e-08,8.91185e-11,0,0.00042,0.0263258,0.0407532,-0.0737205,0.00671754,0.0137502,2.52958e-05
398,1,0.00048621,-6.76376e-06,0,3.02272e-09,-4.60977e-09,0,0.00042,-0.00267058,0.0418727,0.0116274,0.00702304,0.0146651,-1.60873e-07
380,1,0.000450577,1.63799e-05,0,2.01318e-08,-1.80111e-08,0,0.00046,0.219091,-0.0431773,0.160961,0.00750906,0.0137331,-4.96651e-05
366,1,0.000491126,8.82643e-06,0,-1.22581e-09,-1.11915e-08,0,0.00048,-0.0151178,-0.0368423,0.0251878,0.0078235,0.0146089,-1.15952e-07
335,1,0.000457088,4.83578e-05,0,1.51792e-08,-5.02858e-08,0,0.00052,0.0281278,-0.0108506,-0.0550924,0.00838403,0.0135358,-6.05535e-06
316,1,0.000487302,2.18154e-05,0,-1.22746e-09,-3.67449e-08,0,0.00054,-0.0193241,0.0385884,-0.0100973,0.00871942,0.0144872,4.44824e-05
340,1,0.000464398,1.18709e-05,0,7.75911e-09,-3.43466e-08,0,0.00052,-0.012547,0.00807671,-0.0357155,0.00936661,0.0137699,4.05064e-05
367,1,0.000486602,9.30081e-06,0,-2.10599e-09,-1.75003e-08,0,0.00048,-0.00289273,-0.0534649,-0.0060549,0.00964427,0.0146426,1.34032e-05
321,1,0.000485888,8.20913e-06,0,-4.4522e-09,-2.43915e-08,0,0.00054,0.00288775,0.0491978,-0.00493289,0.0105379,0.0146566,-2.36735e-05
399,1,0.000470369,1.10061e-05,0,-4.22554e-09,-1.72926e-08,0,0.00042,0.0131641,-0.0969463,-0.0347137,0.0108226,0.0138774,-8.94147e-06
368,1,0.00048176,7.24513e-06,0,-8.36863e-09,-1.36588e-08,0,0.00048,-0.135882,-0.0324514,0.0113076,0.0114541,0.0144694,-4.70775e-05
388,1,0.000478734,1.26307e-05,0,-8.76856e-09,-3.92002e-09,0,0.00044,0.0254181,0.0272493,-0.0152783,0.0122692,0.0145417,3.4178e-05
372,1,0.000464483,1.0606e-05,0,-1.33059e-08,-9.5849e-09,0,0.00048,-0.0228333,-0.0242278,-0.0141431,0.0126089,0.0137873,-2.28614e-05
326,1,0.000474675,6.18275e-06,0,-1.92323e-08,-4.27612e-09,0,0.00054,-0.0145545,-0.0232866,-0.00715279,0.0131732,0.0146016,-1.08387e-06
374,1,0.00046517,8.13059e-06,0,-1.08182e-08,1.24634e-09,0,0.00048,0.0156002,0.0256894,-0.00541144,0.0135232,0.0137273,1.18363e-05
395,1,0.000471045,7.28078e-06,0,-9.67903e-09,4.80256e-09,0,0.00044,0.0207992,0.0286872,0.00299138,0.0140572,0.0144306,1.79808e-05
267,1,0.000466077,9.58532e-06,0,-7.87109e-09,1.23408e-08,0,0.00048,-0.0144254,-0.0256217,-0.00452901,0.014426,0.0136446,-3.43726e-05
325,1,0.000473061,6.85777e-06,0,-1.19762e-08,1.70877e-08,0,0.00054,-0.0212507,-0.025357,-0.0076081,0.0149548,0.0144906,-1.68329e-05
278,1,0.000466145,6.76549e-06,0,-4.0245e-09,1.69593e-08,0,0.00048,0.0230039,0.0245719,-0.00514388,0.0153316,0.0136305,6.77892e-06
268,1,0.00047464,1.63087e-06,0,-1.21902e-09,1.46961e-08,0,0.00048,0.0137461,0.0298596,-0.00853097,0.0159206,0.0144635,-3.85877e-05
240,1,0.000466741,2.69946e-06,0,-1.68959e-10,2.33257e-08,0,0.00052,-0.0144877,-0.0230057,-0.00627129,0.0162567,0.0136051,1.56753e-06
215,1,0.000473696,1.22658e-06,0,4.97714e-09,2.02629e-08,0,0.00054,-0.0177089,-0.00859976,-0.00771463,0.0169664,0.01429,8.09002e-06
271,1,0.000466225,-4.0765e-06,0,5.42917e-09,1.43802e-08,0,0.00048,0.0109515,0.0204428,-0.008693,0.0176669,0.0136203,1.51186e-05
329,1,0.000474107,-4.32746e-06,0,7.79605e-09,1.43056e-08,0,0.00052,8.55652e-05,0.00480581,-0.00776707,0.0179646,0.0144596,-3.08659e-05
369,1,0.000466523,-1.0168e-05,0,7.51209e-09,1.18187e-08,0,0.00048,0.00727656,-0.0204766,-0.0106562,0.0185529,0.0137113,-4.99274e-05
312,1,0.000475316,-8.5786e-06,0,1.2836e-08,1.34261e-08,0,0.00056,-0.0149223,-0.00573105,-0.00120293,0.0189757,0.0146143,-3.80464e-05
371,1,0.000461357,-1.66805e-05,0,1.10175e-08,8.70953e-09,0,0.00048,0.00642676,0.0229916,-0.00461735,0.0194296,0.0135881,-3.7354e-05
344,1,0.000471563,-1.20718e-05,0,1.14756e-08,6.30791e-09,0,0.0005,0.00680532,0.0107965,-0.0104742,0.0199224,0.0144552,-4.54767e-05
383,1,0.000476704,-1.84859e-05,0,9.91332e-09,3.5868e-09,0,0.00046,-0.0208375,-0.0237008,0.00169592,0.00139824,0.0153361,-1.23126e-05
393,1,0.000495097,-4.36786e-06,0,1.13656e-09,6.24179e-10,0,0.00044,-0.000717418,-0.0102126,0.000477998,0.0010907,0.0163,1.42827e-05
373,1,0.000480635,-1.18554e-05,0,9.94453e-09,3.56433e-09,0,0.00048,-0.00326026,0.0237321,-0.017489,0.000535364,0.0154141,6.36771e-07
309,1,0.000494003,-3.44181e-06,0,5.18872e-09,1.74582e-09,0,0.00056,-0.00352191,0.0034665,-0.0109148,0.000131768,0.0162348,1.14277e-05
313,1,0.000491579,-7.15876e-06,0,4.54015e-09,1.6006e-09,0,0.00056,-0.00361596,0.0126764,-0.00546275,0.00204624,0.0162322,1.04172e-05
355,1,0.000476975,-2.13048e-05,0,1.18858e-08,7.05107e-09,0,0.0005,3.23942e-05,0.0234443,-0.0153185,0.00226994,0.0152744,1.65265e-05
308,1,0.000498489,-3.9989e-06,0,2.12256e-09,7.02799e-10,0,0.00056,0.00246628,-0.0168062,0.00518214,0.00308972,0.0162019,-4.47667e-06
356,1,0.000469762,-9.55462e-06,0,1.72809e-08,1.95752e-10,0,0.0005,-0.0131556,-0.0225869,0.0427911,0.00316749,0.0152187,-2.57249e-06
351,1,0.000470808,-9.08069e-06,0,2.02234e-08,1.71958e-09,0,0.0005,0.0022249,0.0210486,-0.0458731,0.00401657,0.0154281,5.22691e-06
370,1,0.000498191,-4.64929e-06,0,8.9691e-10,6.59076e-10,0,0.00048,0.000450152,0.0259307,-0.00721996,0.00407006,0.0163182,3.22872e-05
390,1,0.000472812,-4.93068e-06,0,1.25904e-08,-5.13537e-09,0,0.00044,-0.0127101,-0.0243931,0.049191,0.00487259,0.0153609,1.07715e-05
339,1,0.000500946,-2.73902e-06,0,-6.97504e-10,-3.17386e-09,0,0.00052,0.00533395,-0.0293375,0.0101557,0.00500281,0.0162495,-3.75421e-05
382,1,0.000485143,4.10929e-06,0,6.68174e-09,-1.46161e-08,0,0.00046,0.0271841,0.0198328,-0.0147583,0.00568521,0.0152993,-3.46021e-05
314,1,0.000495888,7.69981e-07,0,1.32576e-09,-1.00145e-08,0,0.00056,-0.00262729,0.0305169,-0.00579861,0.0060227,0.0162122,-2.29225e-05
384,1,0.00048796,-3.17411e-06,0,4.22228e-09,-6.63125e-09,0,0.00046,-0.00998426,-0.0128504,-0.00144986,0.0065448,0.0153958,-1.66336e-06
346,1,0.00049429,5.67773e-07,0,2.09145e-09,-3.5203e-09,0,0.0005,-0.00345694,-0.0384341,-0.00484373,0.00702328,0.0162699,-1.93448e-05
349,1,0.00048672,7.71621e-07,0,4.17691e-09,-6.55717e-09,0,0.0005,0.0237761,0.00627426,0.000712828,0.0074264,0.0154427,-2.79437e-05
385,1,0.000494642,2.86876e-06,0,7.70852e-10,-3.28857e-09,0,0.00046,-0.0056199,0.0433366,-0.00272956,0.00794254,0.0162853,-1.71876e-05
334,1,0.000489137,1.01966e-05,0,2.38613e-09,-1.52917e-08,0,0.00052,-0.00574256,-0.00106548,0.00516436,0.00835477,0.015433,-3.81553e-05
343,1,0.000496926,4.28711e-06,0,-8.29077e-10,-5.53767e-09,0,0.0005,-0.000724157,-0.0432938,-0.00156745,0.00886839,0.0163024,2.63946e-05
318,1,0.000491757,7.93703e-06,0,-3.09084e-09,-1.58661e-08,0,0.00054,0.0229893,-0.00106243,-0.00556055,0.00931595,0.0154728,1.57621e-06
345,1,0.000496551,3.6765e-06,0,-1.2784e-09,-6.6668e-09,0,0.0005,0.000434599,0.0459853,-0.00434212,0.00982103,0.0163077,8.05502e-06
386,1,0.000491873,5.82781e-06,0,-1.97618e-09,-1.00927e-08,0,0.00046,-0.0272991,0.00347939,-0.00169047,0.0102368,0.0155162,2.61205e-05
375,1,0.000496034,3.16581e-06,0,-3.27547e-09,-5.63816e-09,0,0.00048,-0.0034527,-0.0509998,-0.00309366,0.0107401,0.0162739,-3.82493e-05
337,1,0.000490886,6.05441e-06,0,-3.50347e-09,-1.074e-08,0,0.00052,0.0315195,-0.00493756,0.00102727,0.0111568,0.0154291,1.1381e-06
378,1,0.0004964,4.27867e-06,0,-2.58238e-09,-2.19834e-09,0,0.00046,-0.00223986,0.0547159,-0.000250922,0.0116273,0.0162934,4.44583e-05
315,1,0.000489902,8.25723e-06,0,-6.61513e-09,-1.9671e-09,0,0.00056,-0.0234916,0.00355295,-0.00278454,0.0121344,0.0154441,-1.20233e-05
350,1,0.0004957,2.8392e-06,0,-1.68915e-09,-1.48125e-09,0,0.0005,0.00192182,-0.0518578,-0.00898048,0.0125436,0.0163093,4.44816e-05
387,1,0.000488341,4.23348e-06,0,-5.94886e-09,-1.37666e-09,0,0.00046,0.023804,-0.00517302,-0.0167886,0.01306,0.0154933,7.7282e-06
361,1,0.000496626,1.02279e-06,0,-8.39461e-10,-9.94583e-10,0,0.0005,0.00120733,0.0515094,-0.000942278,0.0134827,0.0162748,-3.79876e-05
354,1,0.000487125,5.97772e-06,0,-6.57099e-09,4.16824e-09,0,0.0005,-0.0286362,0.00441983,0.0166196,0.0139385,0.0153567,4.43312e-05
336,1,0.000496036,3.58976e-06,0,-9.35535e-10,4.92447e-09,0,0.00052,-0.000307242,-0.0498561,-0.00134714,0.0144258,0.0162533,4.63278e-05
341,1,0.000486076,6.00416e-06,0,-5.48999e-09,9.3136e-09,0,0.0005,0.029804,-0.00291912,-0.0161188,0.0148678,0.0154194,2.36495e-05
307,1,0.000494231,-2.78786e-07,0,-2.95102e-09,5.93827e-09,0,0.00058,0.00211619,0.0441953,-0.00886639,0.0154703,0.0162204,-3.93501e-06
394,1,0.000483332,-6.68611e-07,0,-1.57175e-09,6.61326e-09,0,0.00044,-0.0209884,-0.00279546,-0.00660738,0.015745,0.0153296,-1.70971e-05
347,1,0.000495691,2.30177e-05,0,-3.82396e-09,-1.88649e-08,0,0.0005,-1.84386,0.153565,0.00237425,0.0164516,0.0161105,2.60965e-05
379,1,0.000479405,5.81064e-07,0,1.30461e-09,1.1632e-08,0,0.00046,0.0210143,0.00708368,0.00435195,0.0165316,0.015124,-3.30003e-06
391,1,0.000480393,1.73769e-06,0,3.63317e-09,6.94478e-09,0,0.00044,0.0100397,-0.0114167,-0.00654076,0.0173663,0.0151277,1.50053e-05
324,1,0.000493051,5.20265e-06,0,-1.1685e-09,4.52401e-09,0,0.00054,-0.0099291,-0.00848705,-0.0151829,0.0173955,0.0160371,1.45032e-05
352,1,0.00049678,-2.40884e-06,0,-1.06188e-09,5.22047e-09,0,0.0005,-0.00257829,0.00358843,-0.00597281,0.0182738,0.0163476,-2.63927e-05
305,1,0.000484342,-5.48443e-06,0,8.23799e-09,1.60677e-08,0,0.00058,0.00461281,0.0130626,-0.0139351,0.0182994,0.0154081,8.61202e-06
365,1,0.000497605,-5.89661e-07,0,6.99172e-11,-1.56129e-10,0,0.00048,-0.000251972,-0.00344559,0.00335723,0.0191757,0.0162969,1.78253e-05
362,1,0.000480332,-4.29496e-06,0,8.74685e-09,4.34029e-09,0,0.00048,-0.00719904,-0.0232226,-0.00585435,0.0196103,0.0153726,3.47044e-05
