"id","type","v:0","v:1","v:2","f:0","f:1","f:2","radius","omega:0","omega:1","omega:2","Points:0","Points:1","Points:2"
10,1,0.000170834,-9.9869e-06,0,7.22163e-08,-2.80839e-08,0,0.00056,0.00156417,0.100395,-0.33956,0.000722174,0.000498416,-2.65834e-05
78,1,0.000237555,1.64685e-05,0,5.08804e-08,-5.59065e-08,0,0.00046,0.0597173,0.125823,0.31524,0.00104873,0.00144531,2.18197e-05
38,1,0.000247418,-9.80737e-06,0,7.43131e-08,-8.19676e-09,0,0.0005,0.0618117,-0.176763,0.228558,0.000111731,0.00127158,2.40231e-05
53,1,-0.000271889,0.00010077,0,0,0,0,0.0005,-0.869765,0.539332,0.114664,0.00191313,0.000637006,-4.85386e-05
71,1,0.000212564,-2.31346e-05,0,8.30046e-08,1.6059e-08,0,0.00048,-0.104223,0.14561,0.00747446,0.00294567,0.00135953,-2.02466e-06
14,1,0.000102326,-1.25863e-05,0,1.10493e-07,1.28362e-08,0,0.00054,0.00217458,1.54401,-0.213404,0.00299279,0.000452834,-7.12572e-06
72,1,6.36096e-05,-4.15899e-05,0,0,0,0,0.00048,4.09462,137.92,1.06446,0.00402127,0.000526559,1.69816e-05
33,1,0.00030316,-7.12278e-05,0,2.37228e-08,-1.12462e-07,0,0.00052,2.38248,-1.08614,0.52706,0.00456694,0.00137925,-4.32784e-06
45,1,0.000349846,0.000163229,0,1.54961e-08,-1.17028e-07,0,0.0005,-0.30717,0.751058,-0.141138,0.00546571,0.0012241,-4.97566e-05
15,1,0.00036586,4.30838e-05,0,-1.50346e-08,-1.08603e-07,0,0.00054,0.313424,-0.680066,-0.169864,0.0064173,0.00140076,1.95463e-05
48,1,0.000157632,3.09552e-05,0,2.81046e-08,-3.70517e-08,0,0.0005,0.00206825,-0.132646,-0.373582,0.00586388,0.000429031,1.99029e-05
19,1,0.000146596,-1.94855e-05,0,-5.87338e-08,-6.84281e-08,0,0.00054,-0.000771116,0.0372404,-0.272537,0.00685173,0.00049704,-6.70462e-06
57,1,0.000259051,7.47067e-06,0,-3.57694e-08,-3.32571e-08,0,0.0005,0.0212186,-0.022769,-0.517692,0.00746673,0.00145499,3.21045e-05
4,1,0.000119651,-1.74255e-05,0,-1.97485e-07,1.23866e-08,0,0.00058,-0.000655754,-0.0269234,0.223598,0.00789701,0.00052271,-1.32742e-05
83,1,0.0003206,-8.98311e-05,0,9.49559e-08,2.00711e-08,0,0.00046,0.152104,-0.0237268,-0.181093,0.00839762,0.00138857,-1.5404e-05
39,1,0.000328123,-0.0001298,0,-1.31456e-08,4.51379e-08,0,0.0005,0.0364857,0.0654937,-0.447598,0.0093193,0.00123383,6.72355e-06
29,1,8.43466e-05,2.61354e-06,0,-1.44847e-07,9.18381e-08,0,0.00052,0.00358834,0.0255889,-0.184781,0.00892894,0.000419804,-1.24497e-05
75,1,0.000212708,-0.000116566,0,-9.80809e-08,9.64161e-08,0,0.00046,-1.16273,1.30219,0.437525,0.00991504,0.000504729,-3.73089e-05
90,1,0.000333126,-9.57853e-05,0,1.54054e-09,-4.65731e-08,0,0.00044,-0.0858282,-0.0846918,0.590909,0.010155,0.00139393,3.54547e-05
41,1,0.000366498,4.17672e-05,0,3.90288e-08,-2.8701e-08,0,0.0005,-0.126317,0.072867,-0.149202,0.010996,0.00137613,-3.72737e-05
54,1,0.000144553,2.46441e-05,0,-1.63578e-08,2.99773e-08,0,0.0005,-0.0132981,-1.13695,-0.254126,0.0108536,0.000449812,3.04549e-05
89,1,0.00037872,5.19454e-05,0,4.41068e-08,1.01268e-08,0,0.00044,0.0943422,-0.0675942,0.158157,0.0117947,0.00111793,-1.5437e-06
46,1,0.000209392,3.04839e-06,0,9.619e-08,1.16076e-08,0,0.0005,0.000938652,-0.256467,-0.505874,0.0119926,0.000370963,4.04467e-05
27,1,0.000347957,7.67249e-05,0,1.2074e-09,-9.59173e-09,0,0.00052,0.0182985,0.0679582,-0.13148,0.0126642,0.00119433,3.7231e-06
42,1,0.000136957,-1.30082e-05,0,-7.77913e-08,-3.84741e-08,0,0.0005,0.0069245,-0.122547,-0.304721,0.0131854,0.000434521,5.09221e-06
28,1,0.000370726,6.08485e-05,0,-1.39644e-08,-1.40161e-07,0,0.00052,0.0955185,-0.0369904,0.076891,0.0136435,0.00148157,-2.96738e-05
68,1,0.000219532,5.55632e-05,0,-2.37564e-09,1.32616e-08,0,0.00048,0.0324596,-0.0650135,-0.31904,0.0148221,0.00122692,-2.23732e-05
74,1,8.38292e-05,-3.54878e-05,0,-2.28019e-08,3.26034e-08,0,0.00046,0.015025,0.13746,0.233178,0.0141006,0.000437764,-1.20537e-05
60,1,4.72804e-05,2.5308e-05,0,2.00712e-08,1.41394e-08,0,0.00048,0.00289048,-0.131972,-0.0796387,0.0150018,0.000385781,-3.28708e-05
80,1,0.000117603,-2.54195e-05,0,1.99355e-08,2.81368e-08,0,0.00046,-0.108851,0.0701666,-0.200128,0.0156957,0.000903061,1.80717e-05
52,1,0.000209606,-9.80063e-06,0,3.05153e-08,3.79741e-08,0,0.0005,0.0174263,-0.185273,-0.635889,0.0164553,0.00140141,3.91278e-05
6,1,-6.02295e-06,-2.97451e-05,0,6.2596e-08,4.49406e-08,0,0.00056,0.0018867,-0.0191031,0.0592962,0.0165511,0.000463689,3.75182e-05
32,1,0.000249028,4.74955e-05,0,3.10974e-08,-1.50814e-08,0,0.00052,-0.0306949,0.130468,-0.549781,0.0174429,0.0013781,-4.71808e-05
16,1,5.03364e-06,-5.90686e-06,0,5.30402e-08,-2.00551e-08,0,0.00054,0.00547852,0.0207816,-0.0222738,0.0175676,0.000451083,-2.76781e-05
59,1,6.26865e-05,4.46815e-05,0,3.71987e-08,7.93466e-10,0,0.00048,-0.000393203,-0.0409201,-0.176822,0.0185235,0.000429059,-3.96086e-06
91,1,0.000135147,2.48826e-05,0,4.12108e-08,-5.45423e-09,0,0.00044,-0.0816936,-0.0256707,0.044386,0.0191764,0.00100105,3.24564e-05
67,1,9.70951e-05,-5.04959e-06,0,3.73431e-08,-9.28494e-09,0,0.00048,0.00220044,0.111442,-0.199569,0.0197051,0.000392066,1.3181e-05
44,1,0.00027482,5.17712e-05,0,2.96966e-08,-6.22406e-08,0,0.0005,0.133449,-0.0165846,0.238334,0.00121836,0.00237342,-4.01526e-05
165,1,0.000393353,-8.19969e-06,0,2.34516e-08,-5.68606e-09,0,0.00048,0.0443371,-0.079932,0.00316305,0.00054126,0.00307652,4.76559e-05
63,1,0.000286599,-3.82358e-05,0,3.15351e-08,1.71092e-09,0,0.00048,-0.0932112,0.0329976,-0.273585,0.000322599,0.00216504,-2.48084e-05
55,1,0.000360531,-2.42718e-06,0,5.53531e-09,-1.41749e-08,0,0.0005,-0.0269643,-0.167143,-0.0248618,0.00210821,0.0027888,-4.78087e-05
3,1,0.000257847,5.43965e-05,0,4.90144e-08,-8.14274e-08,0,0.00058,0.0042515,-0.0826422,-0.183242,0.00202577,0.00174253,-1.82355e-06
84,1,0.000372478,-3.46357e-05,0,2.87247e-09,5.3416e-09,0,0.00044,-0.0860367,0.112138,-0.0632622,0.0029239,0.00319723,2.35941e-05
31,1,0.000336126,-2.7072e-05,0,4.03339e-08,2.11695e-08,0,0.00052,0.0714845,0.137747,-0.0245273,0.00292733,0.00230883,3.24568e-05
17,1,0.000375172,-8.23972e-05,0,4.70723e-08,4.54637e-08,0,0.00054,-0.0215578,-0.0408495,0.00161238,0.003814,0.00284875,2.08022e-05
26,1,0.00026739,-0.000125951,0,8.29653e-08,6.12392e-08,0,0.00052,0.00783852,-0.187349,-0.241028,0.00374449,0.00181939,-4.92787e-05
70,1,0.000425281,2.385e-05,0,1.56044e-08,-4.03884e-08,0,0.00048,-0.218512,0.110427,0.265837,0.00476214,0.00252686,-1.31875e-05
79,1,0.000429243,0.000119441,0,1.99646e-08,-6.53508e-08,0,0.00046,-0.499662,0.0930443,0.140986,0.00571472,0.00311573,-2.13541e-05
11,1,0.000460978,0.00012471,0,2.31205e-08,-1.41517e-07,0,0.00056,0.407242,-0.160212,-0.0525152,0.00571883,0.00218611,7.17441e-06
49,1,0.000417545,3.6741e-05,0,7.10398e-08,-4.27325e-08,0,0.0005,0.171722,-0.084759,-0.317052,0.00658973,0.00313487,4.93031e-05
36,1,0.000357874,4.65587e-05,0,3.06351e-08,-5.22258e-08,0,0.00052,-0.38665,0.604668,0.229762,0.00695815,0.00226386,-6.697e-06
21,1,0.000437335,-8.80803e-05,0,1.48444e-07,-1.0438e-07,0,0.00054,0.0990947,0.100254,0.0504669,0.0075228,0.00323802,-1.41959e-06
2,1,0.000453392,-0.000102343,0,8.92903e-08,-1.08334e-07,0,0.00058,-0.0868575,-0.0938547,-0.0403525,0.00805776,0.00233945,1.88296e-05
64,1,0.000407191,-6.77276e-05,0,9.02203e-08,-8.82675e-10,0,0.00048,0.0092106,-0.104869,-0.0654359,0.00853057,0.00325462,-3.46654e-05
50,1,0.000464919,-0.000108792,0,1.05065e-07,3.36578e-08,0,0.0005,-0.118214,0.169983,0.105877,0.00903128,0.00207668,-4.9345e-05
86,1,0.00040358,-8.39314e-05,0,5.66281e-08,3.04485e-08,0,0.00044,0.187725,0.0194589,0.0480792,0.00925771,0.00289573,-2.11247e-06
87,1,0.000386598,-2.37279e-05,0,4.86683e-08,1.01999e-08,0,0.00044,-0.0327321,0.0690996,0.0963028,0.00993913,0.00330663,1.77683e-05
8,1,0.000437247,-2.89518e-05,0,1.14502e-07,9.31523e-09,0,0.00056,0.0604133,-0.157309,0.103605,0.0100223,0.00235576,2.40593e-05
30,1,0.000393893,2.57095e-05,0,5.34542e-08,-3.68603e-08,0,0.00052,-0.104644,-0.0416213,0.0111887,0.0108242,0.00314985,4.55657e-05
81,1,0.00042142,4.72146e-05,0,4.55213e-08,-2.37435e-08,0,0.00046,0.116258,0.164261,0.0525266,0.0109602,0.00225006,1.72248e-05
88,1,0.000416949,5.55663e-05,0,4.06481e-08,-8.63751e-09,0,0.00044,0.101577,-0.0132383,-0.0142766,0.0116738,0.00273843,-4.19173e-06
69,1,0.000375299,5.10586e-05,0,2.22836e-08,-1.89733e-08,0,0.00048,-0.0744012,-0.167915,-0.0905232,0.0117636,0.00190741,3.70504e-05
7,1,0.000392702,5.5406e-05,0,5.04583e-08,5.58506e-09,0,0.00056,-0.00372217,0.117283,0.0424855,0.0126873,0.00216694,3.74342e-05
9,1,0.000383007,6.22617e-05,0,-8.81027e-09,4.52539e-08,0,0.00056,0.0068603,0.0591944,-0.0175578,0.0127476,0.00316758,-3.93388e-05
22,1,0.000379134,7.63353e-05,0,-3.01645e-08,4.83408e-08,0,0.00054,0.0533743,-0.096986,0.015338,0.0136247,0.00255711,1.87838e-05
34,1,0.000367891,9.02527e-05,0,-6.5254e-08,-4.55664e-09,0,0.00052,-0.0316776,0.0825995,-0.0187337,0.0144857,0.0020587,-1.66342e-05
65,1,0.000380788,7.54229e-05,0,-7.75593e-09,1.12514e-08,0,0.00048,0.0250324,0.147745,-0.00970923,0.014467,0.00298355,-2.11042e-05
24,1,0.000366522,2.72152e-05,0,1.76688e-08,3.70136e-08,0,0.00052,-0.0656566,-0.115479,-0.108075,0.0153375,0.00266647,2.94528e-05
66,1,0.000255652,7.83545e-06,0,8.20491e-09,2.88594e-08,0,0.00048,0.0682221,0.156857,-0.112854,0.0155671,0.00176691,4.63423e-05
73,1,0.000415973,-1.67043e-05,0,8.40805e-09,3.31379e-08,0,0.00046,0.00934422,0.0885577,0.00066554,0.0161648,0.00306061,6.56493e-06
20,1,0.00046746,-2.75412e-05,0,-5.00501e-09,5.08999e-08,0,0.00054,-0.0407489,-0.0218457,0.0647896,0.016593,0.00230906,-2.66714e-05
1,1,0.000418587,1.04783e-05,0,4.07076e-08,2.80963e-08,0,0.00058,-0.0210438,-0.0760026,0.0396132,0.0171462,0.00322436,1.15215e-05
47,1,0.000476187,2.5261e-05,0,2.36322e-09,-7.43769e-11,0,0.0005,0.0541814,0.0230374,0.0723725,0.0175589,0.00226534,4.33922e-05
35,1,0.000420262,4.9017e-05,0,3.65039e-08,-8.66197e-09,0,0.00052,0.0292655,0.0837755,0.026365,0.0181189,0.0029834,2.4953e-06
93,1,0.000395993,6.36227e-05,0,2.57919e-08,-8.47272e-09,0,0.00042,-0.0625374,-0.103582,-0.0355198,0.018819,0.00253817,4.12499e-05
23,1,0.000263695,1.39689e-05,0,6.56549e-08,-1.78039e-08,0,0.00054,0.0673105,0.0659642,-0.266379,0.0192914,0.00185142,3.27854e-05
40,1,0.000388901,1.89774e-05,0,3.77816e-08,-1.05381e-08,0,0.0005,-0.0106577,0.0691428,-0.019478,0.0196648,0.00276402,-2.89305e-05
62,1,0.000384452,5.77314e-07,0,1.34662e-08,-8.42142e-09,0,0.00048,0.0899564,0.115425,-0.00659262,0.00137903,0.00333493,4.14547e-05
185,1,0.000403808,2.04211e-06,0,4.91386e-09,-4.2321e-09,0,0.00046,-0.00350626,0.0574836,-0.0166771,0.00156297,0.00433589,-3.17454e-05
151,1,0.000416125,7.75795e-06,0,9.47051e-09,-1.33546e-08,0,0.0005,0.00768085,-0.0597599,-0.0129141,0.000944689,0.00498849,2.72027e-05
190,1,0.000400554,-3.31891e-06,0,8.61831e-09,-1.29149e-08,0,0.00044,-0.10393,-0.0932426,-0.000116634,0.000754776,0.00398014,2.78794e-05
109,1,0.000417521,1.23803e-05,0,2.8165e-08,-1.66718e-08,0,0.00054,0.01237,0.0586703,0.00697266,7.58256e-05,0.0046621,-2.57589e-05
51,1,0.000389303,-8.80321e-06,0,9.04243e-09,8.71478e-10,0,0.0005,0.0100738,-0.0526143,-0.0270938,0.0022131,0.00372148,-3.11061e-05
192,1,0.000407903,-1.39278e-05,0,2.63217e-09,2.42398e-09,0,0.00044,-0.0571271,-0.0950131,-0.0277104,0.00240392,0.00458354,3.50109e-05
77,1,0.000397224,-2.89627e-05,0,1.21535e-08,7.91544e-09,0,0.00046,0.0946678,0.0848002,-0.0125561,0.0030387,0.0040468,2.15234e-05
101,1,0.000414076,-3.04733e-05,0,3.72002e-09,2.3488e-08,0,0.00056,0.00174884,0.0734705,-0.0254038,0.00352862,0.00486954,-2.13321e-05
18,1,0.000386227,-4.75872e-05,0,4.21983e-08,3.84164e-08,0,0.00054,0.00224517,-0.0921014,-0.0287382,0.003946,0.00388599,-3.02218e-05
172,1,0.000416501,-3.6744e-05,0,2.8061e-08,1.81212e-08,0,0.00048,-0.114759,-0.0728996,0.00583263,0.00450192,0.00469981,-1.72291e-05
5,1,0.000383278,5.90567e-06,0,4.15018e-08,-6.5817e-08,0,0.00056,0.189082,0.0276213,0.122258,0.00489845,0.00354206,4.11056e-07
162,1,0.000425048,-2.46329e-05,0,4.53049e-08,-1.21377e-08,0,0.00048,-0.108668,0.151078,-0.00956535,0.0053503,0.00441956,3.07542e-05
12,1,0.000462387,3.88232e-05,0,1.0938e-07,-3.8368e-09,0,0.00056,-0.101106,-0.0367959,0.159926,0.00620549,0.00401392,5.14548e-06
61,1,0.000424102,2.44462e-05,0,5.15053e-08,-3.99302e-08,0,0.00048,-0.204178,-0.0205871,-0.196033,0.00718174,0.00420216,4.42332e-05
167,1,0.000429558,-2.32436e-05,0,2.06592e-08,-3.3925e-08,0,0.00048,0.027402,-0.205612,-0.136738,0.00794402,0.00494247,4.50596e-05
37,1,0.000401741,-5.02021e-05,0,5.15007e-08,-4.47438e-08,0,0.00052,0.00622673,0.0526034,0.0521426,0.008112,0.00404609,4.93343e-05
149,1,0.000375136,-2.22402e-05,0,4.71282e-08,3.77399e-08,0,0.0005,0.0267241,-0.0306483,0.0155925,0.0088718,0.00463487,-4.39636e-05
76,1,0.000366589,-3.02126e-05,0,4.65876e-08,1.8694e-08,0,0.00046,0.015349,-0.0425087,-0.0389988,0.00936666,0.00389905,-2.06407e-05
147,1,0.000370501,-1.35266e-05,0,5.86951e-08,-1.37558e-08,0,0.0005,-0.0114051,0.0384867,0.018264,0.00984245,0.00471614,-2.4127e-05
193,1,0.000368771,7.28879e-06,0,4.56568e-08,-1.36225e-08,0,0.00044,0.0317358,-0.0502522,0.00326945,0.0103865,0.00398395,-3.72271e-05
139,1,0.000381361,1.3074e-05,0,4.16372e-08,-2.83871e-08,0,0.0005,-0.0694777,-0.0435759,-0.0294632,0.010814,0.00476606,-7.56683e-06
85,1,0.000381522,1.9428e-05,0,3.53697e-08,-1.56792e-08,0,0.00044,0.102864,0.0377525,0.0181784,0.0112183,0.00395974,1.35023e-05
177,1,0.000369737,3.3415e-05,0,1.74978e-08,5.54427e-09,0,0.00046,-0.0216928,0.0721974,0.056842,0.0116881,0.00464349,-4.51984e-05
94,1,0.000397564,4.95438e-05,0,2.18079e-08,4.63411e-09,0,0.00042,-0.113273,-0.0430289,0.0510548,0.0118505,0.00348274,4.70582e-05
95,1,0.000383919,5.96692e-05,0,3.78529e-08,6.40118e-08,0,0.00058,-0.00423915,-0.0522851,0.0154027,0.012487,0.00415652,1.0814e-05
82,1,0.000389961,6.05386e-05,0,2.90484e-08,7.12733e-09,0,0.00046,0.0860353,0.0960515,-0.0320954,0.0133807,0.00442928,3.14585e-06
25,1,0.000387929,6.7203e-05,0,-2.57857e-09,1.76095e-08,0,0.00052,-0.0702616,-0.0985129,0.0167799,0.0136886,0.0035725,-4.25165e-05
194,1,0.000414726,3.51557e-05,0,1.99745e-08,8.3054e-09,0,0.00044,-0.00848179,-0.0364853,-0.0372759,0.0139878,0.0049566,-1.25794e-06
58,1,0.000407033,4.92227e-05,0,2.85667e-09,3.04773e-08,0,0.0005,0.00692597,0.0836021,-0.0631893,0.0145894,0.00386225,-3.26099e-05
92,1,0.000420577,3.32523e-05,0,1.50877e-08,1.93701e-08,0,0.00042,0.00977243,0.0447566,0.0268849,0.0146742,0.00465768,3.96798e-05
13,1,0.000412275,8.90707e-06,0,1.37812e-08,4.98702e-08,0,0.00054,0.0177394,-0.0824937,-0.010485,0.0155058,0.00365855,-2.03403e-05
135,1,0.000418898,2.09997e-05,0,2.28764e-08,2.77453e-08,0,0.0005,-0.0216296,-0.0422385,-0.0174028,0.0155185,0.00461943,-7.07934e-06
182,1,0.000412606,4.67573e-07,0,1.86384e-08,2.40789e-08,0,0.00046,0.0321142,0.0976851,-0.0074643,0.0164159,0.00389763,-3.43082e-05
105,1,0.000416987,1.5098e-05,0,3.71426e-08,3.49597e-08,0,0.00056,-0.00833063,0.0367047,0.00236606,0.016498,0.00482748,2.286e-05
99,1,0.000408961,2.05856e-05,0,4.76925e-08,1.74551e-08,0,0.00056,-0.0015555,-0.0367201,-0.005266,0.0173504,0.00426628,1.9512e-05
160,1,0.000409977,3.80808e-05,0,3.4868e-08,-1.13814e-09,0,0.00048,-0.00719094,0.0478627,0.0189764,0.0182211,0.00388705,5.32063e-06
171,1,0.000413156,2.50968e-05,0,2.66473e-08,-1.80467e-09,0,0.00048,0.0084859,0.0533064,-0.00954695,0.0183085,0.00481727,-2.43024e-05
56,1,0.000411558,4.06489e-05,0,4.04249e-08,-1.15408e-08,0,0.0005,0.0118228,-0.0558969,-0.0262792,0.0189772,0.0033784,-2.12721e-05
157,1,0.000416349,2.79251e-05,0,3.80548e-08,-4.44856e-09,0,0.0005,-0.0146149,-0.0497315,0.0131312,0.0190541,0.00429088,1.35755e-05
125,1,0.000409916,1.21346e-05,0,3.63952e-08,-1.69957e-08,0,0.00052,0.0134331,0.049297,-0.0302504,0.0198536,0.00371534,9.36883e-06
150,1,0.000427051,2.04217e-06,0,2.29967e-09,-1.71145e-08,0,0.0005,-0.0425882,-0.0634643,-0.00815697,0.0012073,0.0058855,-1.6913e-05
98,1,0.000424463,9.72897e-06,0,2.11024e-08,-2.22661e-08,0,0.00058,0.00210945,0.0462816,-0.00742502,0.000210286,0.0057592,-5.04024e-06
152,1,0.000419701,-3.63133e-06,0,1.16595e-09,-6.62961e-09,0,0.0005,0.0391886,0.0784454,-0.0122925,0.00184169,0.00522728,-2.6529e-06
164,1,0.000430145,-6.95065e-06,0,-5.30834e-09,-1.6712e-08,0,0.00048,0.00356155,0.0561395,-0.0125839,0.00208133,0.00612843,2.01859e-05
173,1,0.000422992,-1.5252e-05,0,1.04373e-09,-2.08915e-10,0,0.00048,-0.00646902,-0.0794497,-0.0109479,0.00271586,0.00542603,4.476e-05
184,1,0.000432391,-1.54765e-05,0,-6.80228e-09,-1.2489e-08,0,0.00046,-0.0107248,-0.0604172,-0.0102756,0.00290805,0.00639431,1.76588e-05
189,1,0.000425375,-2.29347e-05,0,3.8811e-09,8.54754e-10,0,0.00044,-0.00731966,0.0888543,-0.00844978,0.00348269,0.00580981,-2.41619e-05
118,1,0.00043092,-2.32437e-05,0,-6.24042e-09,7.4386e-09,0,0.00054,-0.0465655,-0.141929,-0.0032917,0.00400819,0.00656042,-4.22073e-05
134,1,0.00042399,-2.63618e-05,0,1.85671e-08,2.06681e-08,0,0.00052,0.138157,-0.112064,-0.00953047,0.00433135,0.00562726,-4.22335e-05
187,1,0.000426198,-7.70986e-06,0,-1.17004e-08,3.82419e-08,0,0.00046,-0.124256,0.16261,0.0504321,0.00500318,0.00630577,4.20701e-05
154,1,0.000418457,-1.90662e-05,0,4.13082e-08,2.42729e-08,0,0.0005,0.0710124,0.048149,0.0289946,0.00521581,0.00530496,2.90979e-05
133,1,0.000437548,-1.8313e-05,0,3.30496e-08,5.42849e-08,0,0.00052,-0.0757652,-0.0646117,-0.0452702,0.00590722,0.00595718,2.24799e-05
168,1,0.000414168,-7.26143e-06,0,4.16543e-08,5.85056e-09,0,0.00048,0.133642,-0.126508,-0.0388556,0.00611177,0.00501952,-5.06646e-06
146,1,0.000442188,1.69067e-05,0,1.85047e-08,1.73834e-08,0,0.0005,-0.204199,0.0210788,-0.0804939,0.00686631,0.00604185,1.83575e-05
43,1,0.000437989,2.02411e-05,0,4.7827e-08,-1.38101e-09,0,0.0005,0.173099,0.157212,0.0883473,0.00704189,0.00511622,-3.67063e-05
169,1,0.000457926,-5.48996e-06,0,1.61369e-08,-8.33238e-09,0,0.00048,0.00279706,0.0340928,0.0472802,0.00777776,0.00581349,2.60985e-05
170,1,0.000445712,6.77274e-06,0,-2.49038e-08,-5.23267e-09,0,0.00048,0.0232033,-0.0152088,-0.00164416,0.00847532,0.00637697,-4.71426e-05
148,1,0.000404126,-1.60605e-05,0,2.58206e-09,4.26346e-08,0,0.0005,-0.0221399,0.00255168,-0.0851518,0.00887297,0.0055656,3.81834e-05
106,1,0.000446934,3.88622e-06,0,-1.01346e-08,-9.6772e-08,0,0.00056,-0.0138113,0.0158234,-0.0212892,0.00944011,0.0065832,-2.02095e-05
137,1,0.000392355,-1.27533e-05,0,8.83446e-09,-6.25224e-08,0,0.0005,0.00146526,0.0324435,-0.0727029,0.00983995,0.00567934,-4.83823e-05
143,1,0.000403148,-6.66151e-06,0,2.36921e-08,-3.91491e-08,0,0.0005,-0.0439158,-0.0184095,-0.160306,0.0105095,0.00644375,3.12852e-05
196,1,0.000370024,-2.59521e-06,0,8.99188e-09,-1.09804e-08,0,0.00042,0.0862411,-0.0563115,0.107063,0.0106844,0.00559183,3.21564e-05
132,1,0.000417075,4.36279e-05,0,2.8983e-08,1.96564e-09,0,0.00052,-0.0109855,-0.00166024,-0.0472723,0.0114471,0.00638712,7.74856e-06
142,1,0.000372713,2.99201e-05,0,3.50185e-09,-1.18154e-09,0,0.0005,0.00627705,0.0437534,-0.048453,0.0115725,0.00550016,2.89194e-05
122,1,0.000413543,2.99889e-05,0,2.59881e-09,3.08302e-08,0,0.00052,-0.0134133,0.00915433,-0.00474326,0.0123731,0.00613456,-1.13161e-05
121,1,0.000385666,4.25423e-05,0,8.74999e-09,3.81148e-08,0,0.00052,0.0124364,-0.0652365,-0.0345077,0.0124648,0.00516743,6.87793e-06
195,1,0.000412769,2.49935e-05,0,-7.34339e-10,2.15208e-08,0,0.00044,-0.0799244,0.0294775,-0.00765834,0.0131571,0.00580514,-2.73404e-05
159,1,0.000419625,3.23075e-05,0,-9.35737e-10,8.5684e-09,0,0.00048,0.00476599,-0.0252463,0.0137569,0.0139626,0.00576392,2.716e-05
103,1,0.000425552,2.92457e-05,0,5.53843e-09,1.58283e-08,0,0.00056,-0.00744124,-0.0047637,-0.0129876,0.0141919,0.00665564,1.00341e-06
131,1,0.000418447,3.02928e-05,0,2.32929e-08,2.28579e-08,0,0.00052,0.00184874,0.0247828,-0.0183193,0.0148314,0.00548653,4.40858e-05
102,1,0.000425619,2.27365e-05,0,1.28143e-08,3.43694e-08,0,0.00056,0.010795,0.00815395,-0.00439824,0.0152506,0.00642464,-2.06108e-05
115,1,0.000420501,1.90974e-05,0,2.57279e-08,3.67244e-08,0,0.00054,0.000269236,-0.0272916,-0.00346797,0.0158052,0.00556387,3.45424e-05
180,1,0.000424607,1.90848e-05,0,1.20398e-08,1.70061e-08,0,0.00046,-0.0261333,-0.015207,-0.00585019,0.0162255,0.006387,1.27382e-05
197,1,0.00041912,1.84158e-05,0,1.48584e-08,1.23325e-08,0,0.00042,0.0220484,0.043265,-0.000833848,0.016701,0.00572546,1.2658e-05
145,1,0.000422699,2.00296e-05,0,2.43199e-08,1.20269e-08,0,0.0005,-0.00116371,-0.03741,-0.00592747,0.0174416,0.00619479,-3.07296e-05
117,1,0.000416819,2.08447e-05,0,3.64707e-08,1.49148e-08,0,0.00054,-0.00241525,-0.0450425,0.0003373,0.0174741,0.00526157,-5.37633e-06
114,1,0.000420764,1.95103e-05,0,3.40714e-08,3.18916e-09,0,0.00054,-8.54742e-05,0.0441079,-0.00147756,0.0183476,0.00582019,-4.55597e-05
158,1,0.000425871,1.44275e-05,0,1.94287e-08,-4.94858e-09,0,0.00048,0.00448292,-0.0464665,-0.0110814,0.0192395,0.00625077,4.23607e-05
96,1,0.00041845,1.77455e-05,0,3.69314e-08,-1.12192e-08,0,0.00058,-0.00541334,-0.0464884,-0.0104117,0.019233,0.00526689,-1.47472e-05
247,1,0.00043353,1.48165e-06,0,1.15754e-08,-1.88333e-08,0,0.0005,0.052094,-0.0368541,-0.00476957,0.00105707,0.00678445,-3.2558e-05
243,1,0.000439953,1.85299e-06,0,1.39414e-08,-1.33751e-08,0,0.0005,-0.0204994,-0.0290858,-0.00987488,0.000747815,0.00764656,-4.5525e-06
116,1,0.000432209,7.78224e-06,0,2.06113e-08,-1.19647e-08,0,0.00054,-0.0156113,0.0311477,-0.00786453,4.45016e-05,0.00681307,-3.07794e-05
300,1,0.000445947,-5.66136e-06,0,-1.56163e-09,-1.31913e-08,0,0.00042,-0.0155231,0.000668501,-0.00281692,0.00199839,0.0078858,-2.70922e-06
123,1,0.000438761,-7.91222e-06,0,-1.36251e-08,-2.86791e-08,0,0.00052,0.00698067,0.0474237,-0.0116396,0.00221649,0.00705194,-3.94419e-05
248,1,0.000447934,-1.07233e-05,0,1.511e-08,-1.58236e-08,0,0.0005,-0.0639812,0.0527573,-0.00403077,0.00288585,0.00816676,4.46827e-05
144,1,0.000441144,-1.52449e-05,0,-2.83551e-09,-2.02917e-08,0,0.0005,0.0152708,0.068856,-0.00797039,0.00323914,0.00725758,1.64328e-05
259,1,0.000447735,-1.73035e-05,0,8.98606e-09,-2.28876e-08,0,0.0005,0.000463914,-0.0480099,-0.00601337,0.00383047,0.00803906,-2.56433e-05
161,1,0.000439577,-2.35481e-05,0,5.68106e-09,-7.99092e-09,0,0.00048,-0.00700202,0.0560817,-0.0156692,0.00447226,0.00735376,-2.82612e-05
174,1,0.000449765,-2.1417e-05,0,1.71634e-09,-4.6115e-09,0,0.00046,0.0498261,0.0657187,-0.000411033,0.0047542,0.00815512,4.29821e-06
176,1,0.000449873,-2.13059e-05,0,-1.60526e-08,3.30605e-09,0,0.00046,-0.0699095,-0.0576735,-0.00307334,0.00544079,0.00773567,4.21792e-05
119,1,0.000453113,-2.05597e-05,0,-1.54991e-08,4.2511e-08,0,0.00054,0.0583202,0.0752001,0.016936,0.005768,0.00691468,-3.70828e-05
296,1,0.000453493,-1.72125e-05,0,-1.19818e-09,-2.99615e-08,0,0.00044,-0.0592487,0.00378074,0.0149162,0.00622006,0.0080457,-3.96098e-06
166,1,0.000453259,1.14634e-05,0,6.03228e-09,6.62925e-08,0,0.00048,0.216548,-0.0653759,0.0469455,0.00673445,0.00697579,-3.83096e-05
191,1,0.000453855,-4.45803e-06,0,8.81244e-09,-3.31125e-08,0,0.00044,0.00513894,-0.00778558,0.0145969,0.00700117,0.00814917,-1.89411e-05
156,1,0.000450048,8.97862e-06,0,-4.91784e-09,2.07522e-08,0,0.0005,-0.00640755,0.00992643,-0.0272012,0.00763802,0.00674828,-1.8988e-06
113,1,0.000456552,5.09485e-06,0,3.48295e-08,-2.48583e-08,0,0.00054,0.00878614,0.00109767,0.00702709,0.00777424,0.0077072,-3.33274e-05
136,1,0.00045177,8.39024e-06,0,2.28579e-08,-3.82922e-08,0,0.0005,0.0178251,0.0132019,0.00330869,0.00858306,0.00828902,-3.46879e-05
108,1,0.000453158,8.27775e-06,0,2.02846e-08,-3.93336e-08,0,0.00054,-0.0180833,0.00571656,-0.00136761,0.0086842,0.00729639,-1.46308e-05
175,1,0.000450147,9.31404e-06,0,1.35552e-08,-4.13384e-08,0,0.00046,-0.0080175,-0.0271356,0.00160506,0.00940363,0.00791261,2.46256e-05
198,1,0.000445921,1.60723e-05,0,3.1523e-09,-2.47018e-08,0,0.00042,-0.0405098,0.00279502,0.0112287,0.0101225,0.00832734,-3.99128e-05
97,1,0.00045589,1.69224e-05,0,3.25425e-08,-7.56069e-08,0,0.00058,0.0326093,0.00618921,0.0226683,0.0101924,0.00737657,-1.12464e-05
127,1,0.000444897,2.826e-05,0,1.54285e-09,-1.22086e-08,0,0.00052,-0.0124536,0.00792846,0.00721237,0.0109627,0.00813226,-4.70278e-05
138,1,0.000444601,3.74707e-05,0,1.72833e-08,-7.09052e-10,0,0.0005,0.0137298,-0.0117133,0.000373372,0.0112343,0.0072702,1.72877e-05
124,1,0.00044365,2.90324e-05,0,2.73656e-09,1.77895e-08,0,0.00052,-0.0212705,-0.00152441,-0.0065804,0.0119276,0.00805012,7.98975e-06
112,1,0.000432185,2.82134e-05,0,-1.65632e-09,3.45616e-08,0,0.00054,0.0149092,0.00412027,-0.0175088,0.0122248,0.00710202,3.67542e-05
111,1,0.00043842,2.24404e-05,0,-5.63916e-10,1.83658e-08,0,0.00054,-0.00230853,0.00636541,-0.0093919,0.0129214,0.00790297,-1.8846e-05
140,1,0.00043198,2.65624e-05,0,-2.38897e-09,1.29445e-08,0,0.0005,5.84655e-05,0.00177643,0.0101099,0.0132304,0.00695886,-4.44854e-05
179,1,0.000435908,2.82577e-05,0,-3.61986e-11,9.31902e-09,0,0.00046,0.00708112,0.0114763,-0.00626953,0.0140018,0.00757879,3.81307e-05
141,1,0.00043822,2.58e-05,0,-5.52567e-09,1.7023e-08,0,0.0005,0.0127138,0.00895103,-0.00643184,0.014618,0.00823801,-4.89198e-05
110,1,0.000431984,2.38103e-05,0,2.44441e-09,2.18298e-08,0,0.00054,-0.0107868,-0.0072477,-0.00529134,0.0149522,0.00737718,-4.65545e-05
120,1,0.000439075,2.11239e-05,0,4.29817e-10,1.26223e-08,0,0.00052,-0.009923,-0.0191215,-0.0135138,0.0156406,0.00816049,-3.20614e-05
153,1,0.00042935,2.04524e-05,0,7.96807e-09,1.42362e-08,0,0.0005,0.022483,0.00225945,-0.00197419,0.0159532,0.00724751,3.54227e-05
155,1,0.000434394,1.80279e-05,0,5.10524e-09,1.02967e-08,0,0.0005,-0.0212521,-0.000683279,-0.0149983,0.016717,0.0078565,-2.80691e-05
107,1,0.000426568,1.9288e-05,0,1.65307e-08,1.76201e-08,0,0.00054,0.0168833,0.00958929,0.00098119,0.0169385,0.00696788,1.90715e-05
130,1,0.000437441,1.26602e-05,0,1.09133e-08,6.3383e-09,0,0.00052,0.0048129,0.00309746,0.00331778,0.0177233,0.00760082,2.2788e-05
163,1,0.000430179,1.52341e-05,0,1.73405e-08,5.26796e-09,0,0.00048,-0.0164065,0.0239467,-0.0121248,0.0181689,0.00677671,-2.4844e-05
183,1,0.000439844,1.13859e-05,0,6.34271e-09,6.92391e-12,0,0.00046,0.00168289,-0.00120969,-0.0101317,0.0185909,0.00793556,4.85236e-05
128,1,0.000434848,1.19741e-05,0,1.64667e-08,-3.58144e-09,0,0.00052,0.0102565,-0.0248457,-0.00136488,0.0190571,0.00715505,-3.30909e-05
291,1,0.000439974,7.98048e-06,0,9.41301e-09,-7.34039e-09,0,0.00046,-0.00118609,0.0346286,-0.00858686,0.0198067,0.00772472,-3.5681e-05
255,1,0.000447118,-1.72978e-06,0,9.72933e-09,-1.2576e-08,0,0.0005,0.00115358,0.00233304,-0.00604277,0.00128025,0.00842217,1.70983e-05
244,1,0.000452722,6.04983e-07,0,6.58668e-09,-1.04455e-08,0,0.0005,-0.0064621,0.00751156,-0.00652396,0.000910397,0.00930471,-9.05165e-06
235,1,0.000446849,3.89783e-06,0,9.21296e-09,-1.16934e-08,0,0.00052,0.0235414,0.00411472,-0.00608067,0.000319949,0.00849998,1.54215e-05
299,1,0.00045468,-3.64345e-06,0,4.34738e-09,-8.22131e-09,0,0.00044,0.00228114,-0.0074208,-0.00500193,0.00175664,0.0094762,-7.6113e-06
269,1,0.000449906,-6.14456e-06,0,9.10414e-09,-1.38757e-08,0,0.00048,0.00662607,-0.00630048,-0.0062754,0.00212551,0.00870629,4.26166e-05
230,1,0.000454745,-8.01646e-06,0,6.88513e-09,-1.3139e-08,0,0.00052,-0.00761948,0.00554105,-0.00507389,0.0026435,0.00944437,-2.75196e-05
263,1,0.000451472,-1.50951e-05,0,1.3537e-09,-1.80306e-08,0,0.0005,-0.119271,0.064153,-0.00992105,0.00341194,0.00902053,-4.17269e-05
266,1,0.000456534,-1.42095e-05,0,4.66166e-10,-2.12438e-08,0,0.00048,0.0528461,0.00638595,-0.00667042,0.00413513,0.00992632,-3.81409e-05
208,1,0.000451659,-1.80857e-05,0,-9.54988e-10,-3.16288e-08,0,0.00056,-0.0440488,-0.0412293,-0.00273801,0.00432641,0.00892984,-1.3764e-05
246,1,0.000454095,-1.65926e-05,0,4.14875e-09,-2.41098e-08,0,0.0005,-0.0220686,-0.0212027,-0.000949635,0.00501344,0.00958407,-1.72888e-05
209,1,0.000451064,-1.98286e-05,0,1.1548e-08,-1.75995e-08,0,0.00056,0.0403739,0.0010046,-0.000404549,0.00553858,0.00870208,1.49646e-05
211,1,0.000453309,-1.71344e-05,0,1.25079e-08,-3.5436e-08,0,0.00056,-0.0262592,0.0137135,-0.00567267,0.00598027,0.00965909,-3.84248e-05
226,1,0.000451614,-8.44852e-06,0,1.46219e-08,-4.35921e-08,0,0.00052,-0.0110583,0.0174509,0.0154869,0.00678237,0.00905544,2.41907e-05
204,1,0.000452837,8.15611e-06,0,6.87318e-09,-7.06412e-08,0,0.00058,0.0131074,0.011631,-0.00795858,0.00772099,0.00976437,3.19371e-06
214,1,0.000451025,4.32487e-06,0,1.8941e-08,-4.77001e-08,0,0.00054,-0.0143009,-0.00797495,0.00533668,0.00772463,0.00872836,2.66777e-05
287,1,0.000450082,7.88189e-06,0,7.14344e-09,-3.49434e-08,0,0.00046,-0.0154917,-0.0136308,0.00419694,0.00854488,0.00924514,7.50784e-06
227,1,0.000451344,9.53328e-06,0,-5.19117e-09,-4.7196e-08,0,0.00052,-0.00915229,-0.00396733,-0.00143652,0.00924486,0.00987572,4.80946e-05
100,1,0.000449403,1.10301e-05,0,1.53358e-08,-6.56634e-08,0,0.00056,0.0096747,0.0103769,0.000352925,0.00941376,0.00886726,-3.38667e-05
231,1,0.00044982,1.62379e-05,0,-6.14199e-09,-2.9011e-08,0,0.00052,0.00157259,0.0046351,0.00892769,0.0101214,0.00958176,4.87165e-05
181,1,0.000447157,2.22405e-05,0,-4.46648e-09,-1.0852e-08,0,0.00046,0.0137186,-0.0174138,-0.00631615,0.010723,0.00896216,5.5329e-07
273,1,0.000450531,1.79107e-05,0,-9.83414e-09,-7.7096e-09,0,0.00048,-0.0203043,-0.00849467,-0.00576829,0.0110753,0.00974984,1.2865e-05
129,1,0.000447607,2.35643e-05,0,-6.05599e-09,4.56286e-09,0,0.00052,0.0161435,0.0158803,0.00531723,0.011646,0.00899935,-1.04316e-05
302,1,0.000452907,2.36717e-05,0,-3.34844e-09,5.61921e-09,0,0.00042,-0.00540765,-0.00792148,-0.0137484,0.0123366,0.00962981,-1.11344e-05
178,1,0.000447403,2.46272e-05,0,-1.70088e-09,1.08845e-08,0,0.00046,0.0108891,-0.0264584,-0.00590823,0.0125264,0.00877348,-4.92713e-05
199,1,0.000448819,2.32373e-05,0,-3.09107e-09,5.89123e-09,0,0.00042,-0.0297653,0.0219421,0.00215746,0.0131136,0.00933211,-4.45245e-05
188,1,0.000437403,2.3058e-05,0,-5.28405e-09,5.94153e-09,0,0.00044,-0.00749586,-0.0129016,0.0089859,0.0137183,0.00836331,-2.9739e-05
104,1,0.000444949,1.68576e-05,0,-1.04683e-08,1.51532e-09,0,0.00056,-0.00298252,-0.0162806,-0.0193042,0.0140171,0.00925224,-3.81694e-05
186,1,0.000447137,2.41056e-05,0,-2.4269e-09,1.23338e-08,0,0.00046,-0.00432723,0.0237152,-0.0105449,0.0148978,0.0090121,2.59556e-05
229,1,0.000456287,1.95818e-05,0,2.67579e-10,9.58654e-09,0,0.00052,0.0171394,0.00614746,-0.0134621,0.0152595,0.00984362,-1.57412e-05
304,1,0.000447964,1.96383e-05,0,-8.31285e-10,4.43821e-09,0,0.00042,0.000936719,-0.0291411,-0.00258297,0.0156702,0.00904037,-2.04116e-05
206,1,0.000453772,1.68967e-05,0,-2.52267e-09,5.53924e-09,0,0.00056,-0.0200614,-0.000894471,-0.00966595,0.0162981,0.00967768,-2.37608e-06
232,1,0.000445505,1.74655e-05,0,-4.87451e-10,7.28087e-09,0,0.00052,0.0166694,0.0177527,-0.00503206,0.0164978,0.00873773,1.47771e-05
281,1,0.000451508,1.23879e-05,0,-8.36337e-10,2.90508e-09,0,0.00046,0.0108317,0.00448712,-0.00458157,0.0171967,0.00939085,3.24679e-05
126,1,0.000443413,1.20861e-05,0,2.19146e-09,6.5359e-09,0,0.00052,-0.00241554,-0.0199291,-0.00884796,0.0174387,0.00851106,-2.4969e-05
249,1,0.000452914,1.02827e-05,0,1.53903e-10,-1.29092e-10,0,0.0005,-0.00650217,-0.00251674,-0.0059144,0.0180462,0.00964023,-2.10203e-05
288,1,0.000446267,9.66298e-06,0,2.26083e-09,5.01194e-10,0,0.00046,-0.00293985,0.0193744,-0.00325983,0.0183104,0.00875484,-4.57402e-05
260,1,0.000450947,7.1446e-06,0,3.23642e-09,-2.69957e-09,0,0.0005,0.0180141,-0.000258734,-0.00633928,0.018943,0.00937588,-3.04875e-05
221,1,0.000445556,7.48825e-06,0,9.26444e-09,-7.01973e-09,0,0.00054,-0.0125242,-0.00637381,-0.00258221,0.0193197,0.00852001,-4.73944e-05
203,1,0.000452621,4.62169e-06,0,7.52033e-09,-1.16493e-08,0,0.00058,-0.0194761,-0.0017431,-0.00293169,0.0199269,0.00947964,3.09174e-06
261,1,0.000458908,-1.22102e-06,0,4.52926e-09,-8.78564e-09,0,0.0005,0.00396265,-0.00649001,-0.00483298,0.00125041,0.0101975,-1.60515e-05
212,1,0.000465907,-6.77532e-07,0,2.85653e-09,-9.20006e-09,0,0.00056,0.00110771,-0.000394071,-0.00538909,0.00124869,0.0112072,-1.47463e-05
236,1,0.000459957,2.44911e-06,0,2.25609e-09,-7.28297e-09,0,0.00052,0.0173558,-0.00160813,-0.00708683,0.000355562,0.0104435,9.56966e-07
298,1,0.000466602,2.49178e-06,0,2.75395e-10,-3.3873e-09,0,0.00044,-0.0163509,0.000397394,-0.00608691,0.000295297,0.0113772,7.82155e-06
219,1,0.000459875,-5.26324e-06,0,6.29814e-09,-1.29677e-08,0,0.00054,0.000920339,0.00921264,-0.00586904,0.00221865,0.0103135,-9.96495e-06
265,1,0.000466073,-4.38201e-06,0,3.05776e-09,-7.65347e-09,0,0.00048,-0.00109397,0.000390463,-0.00536798,0.0022596,0.0112422,-4.13942e-05
239,1,0.000465008,-7.71993e-06,0,6.45574e-09,-1.30731e-08,0,0.00052,-0.000722054,0.00179832,-0.00555637,0.00317666,0.0111866,2.195e-05
256,1,0.000458737,-9.85928e-06,0,3.84264e-09,-1.44283e-08,0,0.0005,-0.000108495,-0.0173087,-0.0057486,0.00324388,0.0102123,1.39627e-05
210,1,0.000461863,-1.27468e-05,0,5.19478e-09,-3.0526e-08,0,0.00056,-0.0394326,0.00740654,-0.00393426,0.00411982,0.0109388,-2.83946e-05
234,1,0.000459129,-1.40192e-05,0,-1.21571e-09,-3.30499e-08,0,0.00052,0.0167073,0.00862199,-0.00285795,0.00498677,0.0105151,1.50647e-05
293,1,0.000460639,-1.21512e-05,0,-3.91374e-09,-1.91546e-08,0,0.00044,-0.011514,-0.00477333,-0.00227909,0.0053521,0.0113619,4.3363e-05
220,1,0.00046063,-1.27842e-05,0,-2.20879e-09,-3.64901e-08,0,0.00054,0.0201038,-0.00440047,0.000667226,0.00592327,0.0106671,1.79805e-07
238,1,0.000457538,-8.16114e-06,0,-6.49559e-09,-3.58747e-08,0,0.00052,-0.0145027,0.0010775,0.00874446,0.00625863,0.01163,2.84116e-05
301,1,0.000462462,-2.0353e-06,0,-2.79306e-09,-2.09473e-08,0,0.00042,-0.00301685,0.0159116,0.0181516,0.00674668,0.0108789,2.7353e-05
280,1,0.000448047,-3.58259e-06,0,8.42888e-09,-2.88228e-08,0,0.00046,0.001098,-0.0259804,0.0396516,0.00682368,0.010038,4.71162e-05
272,1,0.000459485,4.08741e-06,0,-5.31022e-09,-3.16443e-08,0,0.00048,0.014917,0.00157725,0.0058578,0.00718819,0.0116018,5.40968e-06
253,1,0.000460265,7.35395e-06,0,-5.21277e-09,-4.00086e-08,0,0.0005,-0.0124121,-0.00959403,-2.71891e-05,0.0075544,0.01075,-4.24369e-05
270,1,0.00046139,7.61115e-06,0,-6.30293e-09,-3.0493e-08,0,0.00048,-0.00119294,-0.0037749,-0.00255645,0.008114,0.0114598,5.57899e-06
202,1,0.000457127,7.50343e-06,0,-9.07049e-09,-6.31758e-08,0,0.00058,0.00228169,0.00766042,-0.00296118,0.00851525,0.0105296,6.96845e-06
250,1,0.000462387,7.0018e-06,0,-9.3806e-09,-3.05094e-08,0,0.0005,0.00598124,0.00263946,-0.00313998,0.00906058,0.0114018,-2.60959e-05
284,1,0.000455935,6.82477e-06,0,-7.86454e-09,-2.32417e-08,0,0.00046,0.000359923,-0.0199672,-0.00904095,0.00961739,0.0106857,4.66205e-05
275,1,0.000464249,3.79292e-06,0,-8.12735e-09,-2.0201e-08,0,0.00048,-0.00813585,0.00109971,-0.00727399,0.00999423,0.0114665,3.55182e-05
277,1,0.000455325,1.77921e-05,0,-1.14223e-08,-1.11429e-08,0,0.00048,0.00827686,0.0153352,-0.0103056,0.0104944,0.0104504,4.42072e-05
228,1,0.00046474,1.22295e-05,0,-9.60377e-09,-1.06815e-08,0,0.00052,0.00129964,-0.000661629,-0.0110134,0.0108926,0.0112896,-2.7703e-05
285,1,0.000457294,1.34952e-05,0,-8.25722e-09,-6.41557e-09,0,0.00046,0.00990244,-0.0112161,-0.00194158,0.0113986,0.0105487,1.30127e-05
200,1,0.000458315,1.98379e-05,0,-1.07728e-08,-2.05682e-09,0,0.00058,0.00528731,0.00615492,0.00742126,0.0123439,0.0106236,1.74262e-06
241,1,0.000455817,2.03966e-05,0,-3.26593e-09,3.12156e-09,0,0.0005,0.0294107,-0.0222168,-0.00923509,0.0132618,0.0101888,4.93873e-05
264,1,0.000463479,1.95459e-05,0,-4.91095e-09,1.36528e-09,0,0.00048,-0.0341413,-0.0191876,-0.00959166,0.0132101,0.0111217,3.54547e-06
276,1,0.000464774,1.65304e-05,0,-3.69546e-09,1.02156e-09,0,0.00048,-0.00499798,0.0250773,-0.00207859,0.0140815,0.0109409,7.96265e-06
297,1,0.000457922,1.53047e-05,0,-2.96965e-10,8.4493e-10,0,0.00044,0.00323519,0.0222969,-0.00929316,0.0141374,0.0101302,-4.34141e-05
201,1,0.000464366,1.79918e-05,0,-6.16993e-09,5.33274e-09,0,0.00058,-0.017965,-0.0165823,-0.000302842,0.0150383,0.0108265,-9.33208e-06
207,1,0.000467958,1.42757e-05,0,-5.12314e-09,1.82361e-09,0,0.00056,-0.0193326,-0.00560704,-0.0035835,0.0159382,0.0115716,-2.79071e-05
224,1,0.000462363,1.62533e-05,0,-4.45145e-09,3.57609e-09,0,0.00054,0.0174664,0.0188879,-0.00591459,0.0160555,0.0106085,-3.72943e-05
289,1,0.000466005,1.29933e-05,0,-2.3259e-09,6.45385e-10,0,0.00046,0.0209716,0.0044837,-0.00180505,0.0168284,0.0113,-3.34068e-05
205,1,0.000459912,1.20083e-05,0,-3.69854e-09,3.00873e-09,0,0.00056,-0.00898536,-0.021489,-0.00550561,0.0171041,0.0103682,-1.82378e-05
257,1,0.000466162,1.04628e-05,0,-2.56641e-09,-5.61239e-10,0,0.0005,-0.0257602,-0.0028135,-0.00613751,0.0177034,0.0113036,-4.99548e-05
295,1,0.000461014,9.72624e-06,0,-1.19157e-09,-5.78277e-10,0,0.00044,0.0116859,0.0259841,-0.00496357,0.0180315,0.0105201,8.34147e-06
218,1,0.000465232,7.3192e-06,0,-2.29778e-09,-1.8252e-09,0,0.00054,0.0141832,0.00386455,-0.00326519,0.018641,0.011234,-2.12959e-05
237,1,0.000459325,6.54779e-06,0,-6.60207e-10,-2.05171e-09,0,0.00052,-0.0163475,-0.0147372,-0.00804015,0.0188711,0.0102749,-3.49785e-05
254,1,0.000463378,4.93195e-06,0,-8.27941e-10,-3.1324e-09,0,0.0005,-0.000775906,-0.00751046,-0.00259135,0.0195594,0.0109155,2.14731e-05
363,1,0.000476993,-1.68699e-06,0,6.65034e-10,-3.14125e-09,0,0.00048,0.0107384,-0.0131482,-0.00168651,0.00164384,0.0129073,-1.17246e-06
396,1,0.000471972,-1.13319e-07,0,4.21242e-10,-3.20006e-09,0,0.00044,-0.00325083,-0.00585466,-0.00304977,0.00108764,0.0121538,-4.8395e-05
360,1,0.000476729,7.90557e-07,0,-3.25701e-10,-3.21322e-09,0,0.0005,0.00160796,0.0129534,-0.0064592,0.00073614,0.0129212,-1.31753e-05
392,1,0.000472091,1.57341e-06,0,-4.25662e-10,-2.20625e-09,0,0.00044,0.0153804,0.00483601,-0.00341606,0.000294728,0.0121828,6.46138e-06
252,1,0.000471683,-2.38345e-06,0,2.04869e-09,-6.60491e-09,0,0.0005,-0.00400885,0.00606674,-0.00535378,0.0018908,0.0120339,-3.72359e-05
322,1,0.000478892,-1.86265e-06,0,1.69869e-09,-5.11269e-09,0,0.00054,0.00723694,0.016268,-0.00378313,0.00257292,0.0131436,-5.27218e-06
331,1,0.000471875,-5.08206e-06,0,3.72125e-09,-9.89716e-09,0,0.00052,0.004098,-0.00742683,-0.00455257,0.00279811,0.0120726,-4.1589e-05
332,1,0.000476375,-4.78949e-06,0,3.16227e-09,-1.00989e-08,0,0.00052,-0.0234905,-0.00676877,-0.0025132,0.00347253,0.01273,-4.69919e-05
377,1,0.000470488,-9.81206e-06,0,5.48326e-09,-1.08704e-08,0,0.00046,0.0294357,0.0236117,-0.0125884,0.00385265,0.0118779,2.70269e-05
376,1,0.000476123,-2.10461e-06,0,2.93179e-09,-6.97881e-09,0,0.00046,0.0068949,-0.00109737,0.0019732,0.00432579,0.0127906,1.43924e-05
328,1,0.000468908,-5.44381e-06,0,-5.97153e-10,-1.94587e-08,0,0.00052,0.0111578,-0.0103298,-0.016216,0.00491433,0.0121084,2.96183e-05
327,1,0.000475837,-2.51209e-06,0,6.31185e-09,-1.38667e-08,0,0.00052,-0.010951,0.00239577,-0.000691159,0.00516802,0.0130794,-3.62044e-05
317,1,0.000465325,-8.00311e-06,0,1.50535e-09,-3.14867e-08,0,0.00054,0.0144485,-0.00453387,-0.0195316,0.00595875,0.0125623,-8.8818e-06
262,1,0.000462023,-8.10967e-07,0,-2.18415e-09,-3.3628e-08,0,0.0005,-0.0228706,0.00448555,0.0311438,0.00693326,0.012523,-3.24457e-07
303,1,0.000464451,8.85991e-06,0,-4.61157e-09,-1.74832e-08,0,0.00042,-0.00530298,0.00855439,-0.00857695,0.00773837,0.012219,-2.60666e-05
292,1,0.00047416,7.10212e-06,0,-5.62661e-09,-1.37211e-08,0,0.00044,0.0058237,-0.0105051,-0.0135958,0.00802781,0.0129441,-2.9504e-05
233,1,0.000466412,5.98166e-06,0,-1.11856e-08,-3.07779e-08,0,0.00052,-0.00206235,-0.00508927,-0.00225848,0.00859583,0.0122587,1.74786e-05
319,1,0.000474416,3.59054e-06,0,-1.09276e-08,-2.4015e-08,0,0.00054,-0.000331696,-0.00314206,-0.00402395,0.00909414,0.0131886,-7.28073e-06
320,1,0.000468876,4.2371e-06,0,-1.192e-08,-2.80149e-08,0,0.00054,0.000842717,0.00737931,-0.00409436,0.0095417,0.0122826,2.61725e-05
311,1,0.000471661,2.86552e-06,0,-1.58858e-08,-2.20948e-08,0,0.00056,0.00842486,0.0076499,0.000283435,0.0101175,0.0130872,2.21972e-05
251,1,0.000470755,5.73752e-06,0,-7.36033e-09,-1.40357e-08,0,0.0005,0.0011754,-0.0129339,0.00280777,0.0105362,0.0122055,2.40728e-05
357,1,0.000471944,5.47097e-06,0,-9.47676e-09,-7.94953e-09,0,0.0005,-0.025981,-0.0142041,0.00177,0.0110502,0.0130006,-1.09524e-05
242,1,0.000472028,6.46983e-06,0,-5.41032e-09,-7.67295e-09,0,0.0005,0.00351072,0.0112822,-0.00572706,0.011448,0.0120723,1.14157e-05
222,1,0.000473123,8.79822e-06,0,-9.52507e-09,-2.96539e-09,0,0.00054,0.0180153,0.0197536,0.0069656,0.011959,0.0129224,-2.41459e-05
274,1,0.000472364,1.18019e-05,0,-4.29932e-09,-1.62397e-09,0,0.00048,0.0107163,-0.0132476,0.0180539,0.0123432,0.0119276,1.26179e-05
217,1,0.000473992,1.47522e-05,0,-6.65954e-09,9.91085e-10,0,0.00054,-0.040602,-0.018858,0.00255899,0.0128727,0.0128347,4.99362e-05
245,1,0.000471328,1.7208e-05,0,-5.34153e-09,7.74348e-10,0,0.0005,0.038698,0.0163004,-0.00571467,0.0132464,0.0120093,9.49774e-06
258,1,0.000474508,1.41498e-05,0,-4.50587e-09,2.32219e-10,0,0.0005,-0.00492245,0.0310469,-0.00271818,0.0137968,0.0128141,4.36203e-05
225,1,0.000469686,1.64441e-05,0,-6.23649e-09,1.61389e-09,0,0.00054,0.0039203,-0.0164943,-0.00108666,0.0141515,0.0118757,-4.18982e-05
213,1,0.000475608,1.26964e-05,0,-4.80595e-09,-1.43596e-10,0,0.00056,-0.0347973,-0.0316552,-0.000637493,0.0147394,0.01275,3.44228e-06
286,1,0.000468743,1.59623e-05,0,-3.64186e-09,1.19601e-09,0,0.00046,0.0298431,0.00802672,-0.00438078,0.0150308,0.0117672,4.40746e-05
279,1,0.000472658,1.4008e-05,0,-2.71895e-09,4.9174e-10,0,0.00046,0.00748507,0.0507255,-0.00353939,0.0155641,0.0124073,1.46648e-06
282,1,0.000476374,1.22519e-05,0,-2.27998e-09,3.14299e-10,0,0.00046,0.041952,0.0270003,-0.00367259,0.0159592,0.0131405,3.49515e-06
216,1,0.000472285,1.1095e-05,0,-4.14681e-09,4.01382e-10,0,0.00054,-0.012884,-0.0427307,-0.00560114,0.0164987,0.0124006,-1.27408e-05
400,1,0.000475768,8.73523e-06,0,-1.67235e-09,9.3813e-12,0,0.00042,-0.0293886,0.01682,-0.00484538,0.0170977,0.0129872,4.10288e-05
290,1,0.000470264,1.04341e-05,0,-2.41135e-09,-1.2306e-10,0,0.00046,0.0113103,0.045675,0.00118854,0.0173135,0.0120575,-3.49974e-05
283,1,0.000476102,6.89346e-06,0,-1.95777e-09,-3.71916e-10,0,0.00046,0.00574439,-0.0152403,-0.00129904,0.0178872,0.0128748,-2.24734e-05
294,1,0.000471402,7.80715e-06,0,-1.7781e-09,-4.65525e-10,0,0.00044,0.00618473,-0.041945,-0.00823296,0.0181759,0.0120644,-3.47829e-05
338,1,0.000475507,6.15312e-06,0,-2.51035e-09,-1.34693e-09,0,0.00052,-0.0176126,0.0194175,-0.00176394,0.0187985,0.0127214,-2.52694e-05
223,1,0.000469548,4.9981e-06,0,-1.68543e-09,-2.57731e-09,0,0.00054,-0.00220073,0.00370358,-0.00699493,0.0194274,0.0118888,-4.9699e-05
359,1,0.000476194,3.38003e-06,0,-1.66357e-09,-1.84048e-09,0,0.0005,0.000796961,-0.0234806,-0.00661292,0.0197288,0.0128313,-4.84058e-07
389,1,0.000486377,-1.30009e-06,0,-5.00056e-10,-1.25339e-09,0,0.00044,0.00325201,0.000801226,-0.00360684,0.00161601,0.0144982,2.14614e-05
358,1,0.000482064,-1.08948e-06,0,-9.9465e-10,-2.25453e-09,0,0.0005,-0.00492482,-0.00975028,-0.00568838,0.0012357,0.0137373,-4.48401e-05
381,1,0.000486167,2.96342e-07,0,-8.58e-10,-1.12497e-09,0,0.00046,0.0206904,0.00304333,-0.00262963,0.000749427,0.0145281,3.1619e-05
310,1,0.000481688,1.92549e-06,0,-1.59648e-09,-2.69401e-09,0,0.00056,-0.0151071,0.00635176,-0.00361408,0.000235673,0.013708,-2.39016e-05
323,1,0.000484864,-9.25443e-07,0,7.90804e-12,-3.11904e-09,0,0.00054,-0.0127552,0.00617137,-0.000372134,0.00245511,0.0141782,3.75063e-05
364,1,0.000486792,-4.41142e-07,0,-1.54657e-10,-2.56437e-09,0,0.00048,-0.00985096,-0.0233505,-0.00351743,0.00328792,0.0146288,1.77529e-05
330,1,0.00048111,-1.77396e-06,0,1.57499e-09,-6.47431e-09,0,0.00052,0.0180624,-0.00884458,-0.00347152,0.0034601,0.0137081,2.49655e-05
353,1,0.000486821,-6.33978e-07,0,8.32477e-11,-4.47996e-09,0,0.0005,-0.00332947,0.0268408,-0.00193189,0.00412951,0.0145233,-3.31627e-05
348,1,0.000481327,-9.24236e-07,0,2.65004e-09,-7.50001e-09,0,0.0005,-0.00980305,0.0133396,-0.00813336,0.0044626,0.0136795,3.83299e-05
306,1,0.000487538,-1.61657e-06,0,-4.07551e-10,-6.3664e-09,0,0.00058,0.00204517,-0.0262008,-0.00196505,0.00511123,0.0144684,-1.88293e-05
397,1,0.000481957,-4.33504e-06,0,4.02463e-11,-3.20887e-09,0,0.00042,0.0218439,0.00444135,-0.0090982,0.00568799,0.0137652,2.52958e-05
398,1,0.00048862,6.451e-07,0,-2.02242e-10,-1.34272e-09,0,0.00042,-0.00250771,0.0421664,0.00525287,0.00598038,0.0146685,-1.60873e-07
380,1,0.000483194,1.88163e-06,0,-1.1577e-09,-8.12551e-10,0,0.00046,-0.00192627,-0.00261306,0.0153214,0.00647931,0.0137282,-4.96651e-05
366,1,0.000487335,3.82584e-06,0,-3.52138e-10,-2.09309e-09,0,0.00048,-0.00965243,-0.0366104,-0.00110559,0.0067789,0.014605,-1.15952e-07
335,1,0.000481813,9.10002e-06,0,-4.53592e-09,-8.91012e-09,0,0.00052,0.0192557,-0.0039783,-0.00209573,0.00734989,0.0135133,-6.05535e-06
316,1,0.000487066,5.81911e-06,0,-4.46909e-10,-8.83136e-09,0,0.00054,-0.0125682,0.036103,-0.00284928,0.00767613,0.014476,4.44824e-05
340,1,0.000481661,4.9575e-06,0,-3.53809e-09,-1.48143e-08,0,0.00052,-0.00786762,0.00138073,-0.00713421,0.00832989,0.0137599,4.05064e-05
367,1,0.000487999,3.34523e-06,0,-9.71606e-10,-6.13025e-09,0,0.00048,-0.0132308,-0.0544713,-0.00178074,0.00860106,0.0146355,1.34032e-05
321,1,0.000487904,2.252e-06,0,-7.85959e-10,-6.01611e-09,0,0.00054,-0.000102019,0.0515377,-0.004717,0.00949483,0.0146504,-2.36735e-05
399,1,0.000479308,2.88816e-06,0,-3.97277e-09,-5.15979e-09,0,0.00042,0.0297375,-0.127028,-0.0143902,0.0097825,0.0138684,-8.94147e-06
368,1,0.000485577,-2.06353e-06,0,-1.40886e-09,-4.46498e-09,0,0.00048,-0.168466,-0.02377,0.00204096,0.0104109,0.0144644,-4.70775e-05
388,1,0.000483473,4.38318e-06,0,-1.43838e-09,-7.57899e-10,0,0.00044,0.0480601,0.0121875,-0.00111422,0.0112253,0.0145398,3.4178e-05
372,1,0.000477395,5.87666e-06,0,-5.73823e-09,-2.86728e-09,0,0.00048,-0.0125553,-0.0578812,-0.0133483,0.0115668,0.0137845,-2.28614e-05
326,1,0.000481092,8.06582e-06,0,-3.25249e-09,-1.98822e-09,0,0.00054,-0.0427133,-0.0114351,0.00526272,0.0121286,0.0146013,-1.08387e-06
374,1,0.00047819,1.01291e-05,0,-3.60063e-09,-1.15321e-09,0,0.00048,0.0315252,0.0525548,-0.00771752,0.0124813,0.0137288,1.18363e-05
395,1,0.000482254,1.04723e-05,0,-1.66598e-09,-3.41616e-10,0,0.00044,0.0159484,0.0186259,-0.00194311,0.0130129,0.014434,1.79808e-05
267,1,0.000479064,1.20965e-05,0,-2.60867e-09,1.88691e-10,0,0.00048,0.011269,-0.0565286,-0.00371121,0.0133844,0.0136506,-3.43726e-05
325,1,0.000482506,6.95259e-06,0,-2.82663e-09,-3.82046e-10,0,0.00054,-0.0739508,-0.0205502,-0.00719137,0.0139105,0.0144972,-1.68329e-05
278,1,0.000478345,9.84792e-06,0,-2.5473e-09,-3.12552e-10,0,0.00048,0.0539964,0.0527902,0.000939834,0.0142901,0.0136405,6.77892e-06
268,1,0.000483627,1.07658e-05,0,-1.80908e-09,3.02463e-10,0,0.00048,0.0450874,0.0176692,-0.00988131,0.0148779,0.0144733,-3.85877e-05
240,1,0.000478244,1.18017e-05,0,-3.25575e-09,1.42714e-10,0,0.00052,-0.0171887,-0.0469404,-8.45967e-05,0.0152159,0.0136189,1.56753e-06
215,1,0.000482538,1.18565e-05,0,-2.69509e-09,5.73121e-10,0,0.00054,-0.0221561,0.00251528,-0.00517675,0.0159251,0.0143032,8.09002e-06
271,1,0.000478934,9.57689e-06,0,-2.1684e-09,2.0107e-10,0,0.00048,0.00389889,0.0179779,-0.00400105,0.0166283,0.0136367,1.51186e-05
329,1,0.000482889,8.09867e-06,0,-2.19202e-09,1.35283e-10,0,0.00052,0.00573705,0.0019321,-0.00590496,0.0169238,0.0144734,-3.08659e-05
369,1,0.00048002,6.49811e-06,0,-1.90209e-09,-2.07757e-10,0,0.00048,0.0230214,-0.0240385,-0.00501028,0.017515,0.0137295,-4.99274e-05
312,1,0.000484485,3.67668e-06,0,-2.31486e-09,-5.06212e-10,0,0.00056,-0.0488179,-0.011398,-0.000377405,0.0179352,0.0146276,-3.80464e-05
371,1,0.000478826,5.9161e-06,0,-1.85892e-09,-5.13726e-10,0,0.00048,-0.000819304,0.017554,-0.000487659,0.0183947,0.0136115,-3.7354e-05
344,1,0.000484236,4.0601e-06,0,-1.50862e-09,-6.29927e-10,0,0.0005,-0.0278748,0.0192796,-0.000444757,0.0188846,0.0144704,-4.54767e-05
342,1,0.000480906,4.39263e-06,0,-1.6753e-09,-1.15715e-09,0,0.0005,0.0209674,-0.0113234,-0.00341899,0.019286,0.0136501,2.73575e-05
333,1,0.000486371,2.30039e-06,0,-1.36126e-09,-1.23873e-09,0,0.00052,0.0275944,-0.0110847,-0.00390713,0.0198284,0.0145926,-3.38088e-05
355,1,0.000490414,-3.12025e-08,0,-7.94702e-10,-1.02817e-09,0,0.0005,-0.0129034,0.00319119,-0.00530995,0.00123246,0.015285,1.65265e-05
313,1,0.000496955,1.00764e-06,0,-4.66497e-10,-3.23963e-10,0,0.00056,-0.00246412,0.0720833,-0.00405844,0.00100609,0.0162354,1.04172e-05
383,1,0.000489348,8.71902e-07,0,-7.78127e-10,-8.15789e-10,0,0.00046,-0.0337543,0.00105378,6.3604e-05,0.000361733,0.0153498,-1.23126e-05
393,1,0.0004983,1.94327e-07,0,-1.17156e-10,-9.15377e-11,0,0.00044,0.00106662,-0.100723,0.00313459,4.79165e-05,0.0163026,1.42827e-05
308,1,0.000496281,-3.89434e-07,0,-4.57785e-10,-6.43709e-10,0,0.00056,0.00139247,-0.0682809,-0.00351057,0.00204883,0.0162054,-4.47667e-06
356,1,0.00049083,-1.0986e-06,0,-6.46797e-10,-1.01186e-09,0,0.0005,0.00221282,-0.000711181,-0.000585513,0.0021295,0.0152255,-2.57249e-06
351,1,0.000491062,6.34437e-09,0,-2.61015e-10,-1.39054e-09,0,0.0005,0.011717,0.004048,-0.0022465,0.00297813,0.0154337,5.22691e-06
370,1,0.000496923,-2.63995e-07,0,-7.81409e-11,-4.87606e-10,0,0.00048,-0.00364303,0.0749672,-0.00300434,0.00302702,0.016321,3.22872e-05
390,1,0.000490772,-1.06647e-07,0,-2.02569e-10,-1.72613e-09,0,0.00044,-0.00864144,-0.00243855,-0.00235821,0.00383271,0.0153648,1.07715e-05
339,1,0.0004967,-6.47443e-09,0,-1.00208e-10,-9.11658e-10,0,0.00052,-0.000758493,-0.0635566,-0.00159596,0.00395993,0.0162512,-3.75421e-05
382,1,0.000490355,-2.8296e-07,0,-2.65927e-10,-1.93666e-09,0,0.00046,0.021779,-0.000243793,-0.00225144,0.00464349,0.0153017,-3.46021e-05
314,1,0.000495512,9.27874e-08,0,-4.3386e-10,-1.3093e-09,0,0.00056,-0.00181365,0.054322,-0.0037223,0.00497953,0.0162136,-2.29225e-05
384,1,0.000490742,-1.64255e-07,0,-2.50062e-10,-1.45703e-09,0,0.00046,-0.0277989,-0.00354347,-0.000429419,0.00550268,0.0153982,-1.66336e-06
346,1,0.000495701,7.39117e-07,0,-6.32055e-11,-6.01046e-10,0,0.0005,0.00192005,-0.0616312,-0.00296527,0.00598015,0.01627,-1.93448e-05
349,1,0.000490453,1.68445e-06,0,-1.91999e-10,-1.47947e-09,0,0.0005,0.0250202,0.000605449,-0.00170588,0.00638492,0.0154423,-2.79437e-05
385,1,0.000496019,1.3334e-06,0,-1.13841e-10,-6.30507e-10,0,0.00046,-0.00840161,0.069321,-0.00274668,0.00689898,0.016284,-1.71876e-05
334,1,0.000490636,3.39493e-06,0,-1.38068e-10,-2.71635e-09,0,0.00052,-0.0127301,0.00379753,0.000368509,0.00731207,0.0154282,-3.81553e-05
343,1,0.00049682,1.54985e-06,0,-5.73631e-11,-1.18721e-09,0,0.0005,0.000310363,-0.0699388,-0.0026248,0.00782386,0.0163002,2.63946e-05
318,1,0.000492283,2.67473e-06,0,-1.03461e-09,-3.83171e-09,0,0.00054,0.0368043,-0.0075897,-0.00373316,0.00827205,0.0154681,1.57621e-06
345,1,0.000496583,9.13481e-07,0,-1.94574e-10,-1.5674e-09,0,0.0005,-0.00203144,0.0769102,-0.00392459,0.00877644,0.0163053,8.05502e-06
386,1,0.000492834,1.75901e-06,0,-3.19281e-10,-2.3049e-09,0,0.00046,-0.039966,0.0137159,-0.000959615,0.00919299,0.015512,2.61205e-05
375,1,0.000496754,5.15705e-07,0,-4.67097e-10,-1.15231e-09,0,0.00048,-0.000278468,-0.0924133,-0.00229858,0.00969533,0.0162718,-3.82493e-05
337,1,0.000491721,1.94212e-06,0,-6.61971e-10,-2.18822e-09,0,0.00052,0.0412347,-0.0116708,0.00179744,0.0101128,0.0154258,1.1381e-06
378,1,0.000498268,1.68699e-06,0,-2.43522e-10,-2.63117e-10,0,0.00046,-0.00799269,0.118676,0.00123621,0.0105823,0.0162926,4.44583e-05
315,1,0.000490608,6.13897e-07,0,-1.22894e-09,-6.18968e-10,0,0.00056,-0.0476922,0.014786,-0.00911029,0.01109,0.0154432,-1.20233e-05
350,1,0.000496843,-1.14678e-06,0,-3.38759e-10,-3.10161e-10,0,0.0005,-0.00120524,-0.135155,-0.00845218,0.0114986,0.016309,4.44816e-05
387,1,0.000489633,1.01594e-05,0,-9.94431e-10,-3.89105e-10,0,0.00046,0.0623327,-0.0278045,-0.0252086,0.012015,0.0154929,7.7282e-06
361,1,0.0004976,3.7364e-06,0,-2.82729e-10,-1.73957e-10,0,0.0005,0.00513763,0.158578,-0.00411157,0.0124378,0.0162748,-3.79876e-05
354,1,0.000488365,4.7748e-06,0,-1.51448e-09,-5.90879e-10,0,0.0005,-0.0215935,0.0237029,0.00758865,0.0128936,0.0153586,4.43312e-05
336,1,0.000496496,2.56928e-06,0,-4.93392e-10,6.57615e-11,0,0.00052,0.00100711,-0.176496,-0.00261753,0.0133809,0.016255,4.63278e-05
341,1,0.000491006,4.94491e-06,0,-1.15557e-09,1.08387e-12,0,0.0005,0.105899,-0.0212926,-0.0109509,0.0138226,0.0154234,2.36495e-05
307,1,0.000495149,1.9842e-06,0,-8.97806e-10,-7.83766e-11,0,0.00058,0.00705129,0.181357,-0.00138971,0.014425,0.0162227,-3.93501e-06
394,1,0.000489391,4.91402e-06,0,-8.77915e-10,-3.45485e-12,0,0.00044,-0.0730585,0.00185517,0.00125671,0.0147004,0.0153355,-1.70971e-05
347,1,0.000509961,0.000152743,0,8.69332e-10,1.44294e-08,0,0.0005,-12.9347,1.14801,-0.0816111,0.0154069,0.0161162,2.60965e-05
379,1,0.000486223,9.61211e-06,0,-1.28829e-09,2.26982e-10,0,0.00046,0.0012487,0.0306372,0.00552281,0.015488,0.0151347,-3.30003e-06
391,1,0.000485054,1.25265e-05,0,-1.14823e-09,4.3241e-10,0,0.00044,0.0122375,-0.0439833,-0.000701747,0.0163233,0.015139,1.50053e-05
324,1,0.000498722,1.751e-05,0,-2.66691e-10,1.5911e-09,0,0.00054,-0.00521818,-0.138205,-0.0336893,0.0163513,0.0160464,1.45032e-05
352,1,0.000499522,1.29267e-06,0,-7.52493e-11,-1.2969e-10,0,0.0005,-0.0133127,0.128094,-0.00383204,0.017229,0.0163526,-2.63927e-05
305,1,0.000491029,3.94772e-06,0,-1.47796e-09,-2.35314e-10,0,0.00058,0.0166942,0.0609967,-0.0109793,0.0172562,0.0154189,8.61202e-06
365,1,0.000499292,1.44203e-06,0,-6.76096e-11,-5.78836e-13,0,0.00048,4.45901e-07,-0.116267,0.00260745,0.0181312,0.0162985,1.78253e-05
362,1,0.000488891,4.05114e-06,0,-1.00531e-09,-1.57226e-10,0,0.00048,0.0390787,-0.0145169,-0.00889433,0.0185708,0.0153813,3.47044e-05
309,1,0.000496589,9.34149e-07,0,-4.39031e-10,-2.59067e-10,0,0.00056,-0.00130017,0.0849763,-0.00649119,0.0190885,0.0162387,1.14277e-05
373,1,0.000490124,8.97843e-07,0,-8.51456e-10,-6.25143e-10,0,0.00048,-0.0411094,0.00858455,-0.0015372,0.0194969,0.0154246,6.36771e-07
