"id","type","v:0","v:1","v:2","f:0","f:1","f:2","radius","omega:0","omega:1","omega:2","Points:0","Points:1","Points:2"
45,1,-3.26418e-05,8.43296e-06,0,2.95097e-09,-1.6013e-09,0,0.0005,-0.0125663,0.00633366,0.0533364,0.000620016,0.0004448,-4.97566e-05
48,1,-8.28588e-05,-7.63395e-07,0,5.75039e-10,-5.023e-09,0,0.0005,-0.0204343,0.00766098,-0.0235928,0.0014978,0.000914098,1.99029e-05
83,1,-8.60068e-05,7.57809e-06,0,-2.87348e-09,-1.10993e-09,0,0.00046,0.0313724,-0.00560188,0.0414709,0.000701668,0.00132303,-1.5404e-05
19,1,-5.56222e-05,6.19129e-06,0,4.91444e-10,-7.70648e-09,0,0.00054,0.00578212,-0.0087063,0.0840022,0.00230433,0.000445318,-6.70462e-06
41,1,-9.68373e-05,-1.65193e-05,0,-3.56091e-09,-4.72467e-09,0,0.0005,-0.000186253,0.0469756,-0.0484995,0.00310848,0.00107251,-3.72737e-05
90,1,-9.26274e-05,9.19673e-06,0,-3.47638e-09,-8.06003e-09,0,0.00044,-0.00815733,-0.0378923,-0.00492124,0.00230931,0.00137223,3.54547e-05
89,1,-0.000116594,-3.36708e-05,0,-3.5555e-09,-7.2638e-09,0,0.00044,0.0671892,-0.0403981,0.0182559,0.00386786,0.0014884,-1.5437e-06
4,1,-6.11521e-05,-2.51565e-06,0,-3.73649e-09,-6.1843e-09,0,0.00058,-0.01453,-0.0390202,0.101826,0.00396663,0.00051981,-1.32742e-05
27,1,-0.000115693,-3.55225e-05,0,-1.43876e-08,-1.12599e-08,0,0.00052,-0.0321181,0.0279518,0.0147858,0.00472636,0.00137963,3.7231e-06
29,1,-5.59752e-05,-2.74249e-05,0,-7.49535e-09,-5.86181e-09,0,0.00052,-0.00431888,0.0760987,0.0838953,0.00506106,0.000461397,-1.24497e-05
28,1,-0.00011389,-1.01121e-05,0,-1.89989e-08,-4.09894e-09,0,0.00052,0.0456067,-0.0295922,0.034005,0.00569491,0.00122977,-2.96738e-05
75,1,-4.66976e-05,1.51399e-05,0,-5.47308e-09,8.61829e-10,0,0.00046,-0.00340612,-0.088245,0.0929838,0.00600495,0.000387189,-3.73089e-05
34,1,-0.000133373,-1.48714e-05,0,-3.21785e-08,-1.11272e-08,0,0.00052,-0.00495345,0.0338675,-0.00794325,0.00665672,0.00130427,-1.66342e-05
54,1,-6.79335e-05,3.68664e-06,0,-1.09876e-08,-1.80182e-09,0,0.0005,-0.00798836,0.0348651,0.149343,0.00697461,0.000429441,3.04549e-05
46,1,-6.80491e-05,-7.22665e-06,0,-2.35067e-08,-5.70718e-09,0,0.0005,-0.0041297,-0.0478719,0.134656,0.00796963,0.000405241,4.04467e-05
68,1,-0.000127557,-2.39052e-05,0,-2.67516e-08,-9.64674e-09,0,0.00048,0.0564376,-0.0440416,-0.00413688,0.00760193,0.00118535,-2.23732e-05
42,1,-9.52414e-05,-2.87204e-06,0,-3.05833e-08,-1.62914e-08,0,0.0005,0.00671379,0.0520059,-0.0492449,0.00879349,0.000895809,5.09221e-06
74,1,-5.7518e-05,-3.80282e-06,0,-1.85612e-08,-8.89161e-09,0,0.00046,0.0104811,-0.0828172,0.098345,0.00960555,0.000425267,-1.20537e-05
80,1,-0.000101288,-5.13134e-06,0,-2.56719e-08,-1.62733e-08,0,0.00046,-0.0437443,-0.0823641,0.0652583,0.00953077,0.00144769,1.80717e-05
52,1,-7.79867e-05,2.71849e-06,0,-3.05895e-08,-1.83577e-08,0,0.0005,-0.0118102,0.0852907,-0.0190258,0.0102813,0.00104579,3.91278e-05
60,1,-3.72223e-05,1.53347e-07,0,-1.23696e-08,-8.64182e-09,0,0.00048,-0.00527044,-0.0642139,0.0783818,0.010821,0.000345554,-3.28708e-05
91,1,-7.10896e-05,7.04955e-06,0,-1.62297e-08,-1.28623e-08,0,0.00044,-0.0600373,-0.0751571,0.026333,0.0111721,0.00103405,3.24564e-05
38,1,-9.28391e-05,3.86576e-05,0,-3.45799e-08,-1.18643e-08,0,0.0005,0.0180911,0.0295397,0.0665316,0.0118657,0.00155435,2.40231e-05
6,1,-2.93481e-05,1.5932e-05,0,-1.53107e-08,-9.52977e-09,0,0.00056,-0.00809638,0.0978765,0.040862,0.0118957,0.0005126,3.75182e-05
16,1,-1.15437e-05,1.29696e-06,0,-6.22738e-09,-4.46087e-09,0,0.00054,-0.000939555,-0.103005,-0.0427227,0.0129162,0.000505015,-2.76781e-05
78,1,-8.8818e-05,-9.66056e-06,0,-2.18392e-08,-1.30041e-08,0,0.00046,0.0166047,-0.0394011,-0.184859,0.0127479,0.00148338,2.18197e-05
3,1,-8.58538e-05,-5.10249e-05,0,-3.36258e-08,-4.04744e-08,0,0.00058,-0.0250198,0.0346497,0.0678224,0.0137077,0.00137207,-1.82355e-06
59,1,-2.51235e-05,-1.97922e-05,0,-5.09297e-09,-9.4251e-09,0,0.00048,0.00467758,0.112472,0.0394206,0.013862,0.000405458,-3.96086e-06
71,1,-6.34696e-05,-1.73521e-05,0,-1.15434e-08,-1.01785e-08,0,0.00048,0.0517432,-0.0616878,0.028424,0.0146025,0.000949538,-2.02466e-06
67,1,-3.26413e-05,-7.30227e-06,0,-5.60578e-09,-3.43111e-09,0,0.00048,0.00650425,0.014219,0.0439233,0.0152141,0.000384886,1.3181e-05
26,1,-8.23571e-05,-8.02491e-06,0,-8.28234e-09,-9.19377e-09,0,0.00052,-0.00335673,0.0675352,0.0326652,0.0155148,0.00130152,-4.92787e-05
10,1,-3.94986e-05,5.20173e-06,0,-5.06358e-09,6.27642e-10,0,0.00056,-0.0103158,-0.0201528,0.0353849,0.0161899,0.000507617,-2.65834e-05
33,1,-6.96184e-05,-2.43727e-06,0,-2.72764e-09,7.85153e-10,0,0.00052,0.0179066,0.0232801,0.00423077,0.0170063,0.00111675,-4.32784e-06
53,1,-3.379e-05,-4.1591e-06,0,-2.28409e-09,-1.73716e-10,0,0.0005,-0.00337551,-0.0277264,0.0309916,0.017751,0.000477643,-4.85386e-05
15,1,-7.51822e-05,-1.35372e-06,0,-1.142e-09,1.32753e-08,0,0.00054,-0.0234697,0.0140493,0.0444422,0.0187388,0.00127918,1.95463e-05
14,1,-2.4721e-05,-6.5693e-07,0,-8.07384e-10,5.34362e-09,0,0.00054,0.0105571,0.0157934,0.0357741,0.0187665,0.000394331,-7.12572e-06
72,1,-2.58554e-05,1.90736e-06,0,2.39872e-10,2.65134e-09,0,0.00048,-0.00460995,-0.0122849,0.0121803,0.0197092,0.00043082,1.69816e-05
57,1,-7.91018e-05,7.96535e-06,0,3.16319e-09,4.97533e-09,0,0.0005,0.00777054,-0.00838742,0.0405759,0.0197551,0.0013784,3.21045e-05
50,1,-0.000122325,1.43335e-06,0,6.27306e-09,-1.37992e-09,0,0.0005,-0.0468875,0.00870561,0.00523354,0.000787801,0.00219205,-4.9345e-05
86,1,-0.000132412,5.80637e-06,0,5.77354e-09,2.45878e-09,0,0.00044,0.0645706,0.0609809,-0.0143688,0.000632644,0.00299659,-2.11247e-06
8,1,-0.000133957,1.64427e-06,0,1.22746e-08,-1.50083e-08,0,0.00056,-0.0188966,-0.0505365,0.0110601,0.00157075,0.00283047,2.40593e-05
39,1,-0.000106367,3.71086e-06,0,-7.14884e-10,-9.02364e-09,0,0.0005,0.0252403,0.0106748,0.0396409,0.0015897,0.00182764,6.72355e-06
81,1,-0.000125925,-2.59515e-06,0,2.63924e-10,-1.32301e-08,0,0.00046,0.0520148,0.0381079,-0.0257528,0.00238408,0.00231338,1.72248e-05
88,1,-0.000195283,-9.87389e-06,0,-2.09059e-08,-6.0516e-09,0,0.00044,-0.02799,-0.0306187,0.173746,0.00303374,0.00293399,-4.19173e-06
69,1,-0.000132519,-2.75434e-05,0,-4.17751e-09,-1.43453e-08,0,0.00048,0.0479394,-0.0618324,-0.0297292,0.00321525,0.00205032,3.70504e-05
7,1,-0.000154201,-3.29729e-05,0,-1.50318e-08,-1.84386e-08,0,0.00056,-0.0848833,0.0312167,0.0468291,0.00417394,0.00236305,3.74342e-05
25,1,-0.000183788,-2.99837e-05,0,-3.05665e-08,-9.08232e-09,0,0.00052,0.0830748,-0.0539929,0.0206774,0.00497565,0.00301449,-4.25165e-05
22,1,-0.00015165,-2.66329e-05,0,-3.73882e-08,-1.00937e-08,0,0.00054,-0.0130867,-0.0749581,0.0372155,0.00539089,0.00215158,1.87838e-05
65,1,-0.00015083,-1.73075e-05,0,-2.78102e-08,-8.79671e-09,0,0.00048,-0.0486551,0.0803054,0.012365,0.00634535,0.00217255,-2.11042e-05
58,1,-0.00018202,-2.38544e-05,0,-3.15745e-08,-1.24971e-08,0,0.0005,-0.00355545,0.0586783,0.0256374,0.00597763,0.0029792,-3.26099e-05
13,1,-0.000181175,-2.02198e-05,0,-4.35651e-08,-2.12628e-08,0,0.00054,0.0579091,-0.0703238,0.0157083,0.00697852,0.00297297,-2.03403e-05
24,1,-0.000148256,-1.70708e-05,0,-4.25182e-08,-1.51669e-08,0,0.00052,-0.0168053,-0.0610599,0.0236688,0.00727114,0.00203167,2.94528e-05
73,1,-0.000163883,-1.67351e-05,0,-3.00866e-08,-1.76157e-08,0,0.00046,0.00411032,0.0545155,0.016204,0.00798534,0.00257852,6.56493e-06
66,1,-0.000126719,-1.66369e-05,0,-2.47967e-08,-1.8105e-08,0,0.00048,-0.0545289,0.0479155,0.0415204,0.00830184,0.00172068,4.63423e-05
1,1,-0.000180671,-1.16321e-05,0,-6.40334e-08,-4.49001e-08,0,0.00058,-0.0724987,-0.0906529,0.0195764,0.00874405,0.00317865,1.15215e-05
20,1,-0.000144875,-8.48601e-06,0,-4.70406e-08,-2.86289e-08,0,0.00054,0.100753,-0.0102204,0.0231602,0.00909334,0.00223131,-2.66714e-05
35,1,-0.000172632,-3.35265e-06,0,-4.79997e-08,-3.22108e-08,0,0.00052,-0.0132647,0.123603,0.0300648,0.00973279,0.00305685,2.4953e-06
47,1,-0.00013961,-4.60924e-06,0,-3.89732e-08,-2.12542e-08,0,0.0005,-0.0385652,0.00840736,0.000675537,0.0100977,0.00220052,4.33922e-05
93,1,-0.000166392,-3.85928e-06,0,-3.2908e-08,-2.23644e-08,0,0.00042,0.0335601,-0.0455674,0.0356531,0.0107585,0.00283394,4.12499e-05
32,1,-0.000110875,1.7594e-06,0,-4.89793e-08,-3.67256e-08,0,0.00052,0.0719842,-0.0316287,0.0480432,0.0109214,0.00180425,-4.71808e-05
23,1,-0.000149239,2.15754e-05,0,-7.18017e-08,-3.69805e-08,0,0.00054,-0.055015,0.0434159,0.0382446,0.0115805,0.00248631,3.27854e-05
44,1,-0.000170952,-2.48247e-05,0,-4.3557e-08,-3.75295e-08,0,0.0005,0.69533,-0.283823,-0.0914542,0.0130028,0.00256626,-4.01526e-05
63,1,-0.0001654,1.60513e-05,0,-4.96934e-08,-3.76665e-08,0,0.00048,-0.0711621,-0.15269,-0.00659064,0.0122784,0.00307874,-2.48084e-05
55,1,-0.000155447,-4.05474e-05,0,-3.29323e-08,-3.24979e-08,0,0.0005,0.0597876,0.0856188,0.0632956,0.0138847,0.00235023,-4.78087e-05
51,1,-0.000188691,-2.99503e-05,0,-5.16472e-08,-3.71505e-08,0,0.0005,-0.0740604,0.0470565,-0.00982288,0.0138138,0.00324272,-3.11061e-05
31,1,-0.000110608,-1.76279e-05,0,-2.2146e-08,-1.69154e-08,0,0.00052,-0.0517287,-0.0697439,0.0253695,0.0146514,0.00183687,3.24568e-05
84,1,-0.000155975,-2.51109e-05,0,-2.45594e-08,-1.61262e-08,0,0.00044,-0.0389847,-0.0604903,0.00835593,0.01467,0.00280248,2.35941e-05
17,1,-0.000126938,-1.52088e-05,0,-3.11158e-08,-1.48296e-08,0,0.00054,0.0135838,0.0425225,0.0206417,0.015478,0.00232216,2.08022e-05
70,1,-0.000101038,-5.75625e-06,0,-1.12618e-08,-1.93097e-09,0,0.00048,0.00895584,-0.0671981,0.0279205,0.016339,0.0018075,-1.31875e-05
5,1,-0.000137811,-1.75992e-05,0,-2.99819e-08,-6.59703e-09,0,0.00056,0.00168083,-0.0188303,0.00688146,0.0163638,0.00281719,4.11056e-07
79,1,-0.000118066,-1.38218e-05,0,-1.30548e-08,-9.65052e-11,0,0.00046,-0.0578255,0.0556889,0.0206452,0.017136,0.00229434,-2.13541e-05
12,1,-0.000154137,-1.53527e-05,0,-2.17029e-08,2.96536e-09,0,0.00056,0.0690567,0.0406642,0.0165166,0.0173139,0.00328357,5.14548e-06
11,1,-9.4098e-05,-1.10651e-05,0,-5.39023e-09,1.40624e-08,0,0.00056,0.00480027,-0.00695512,0.0133482,0.0178443,0.00168848,7.17441e-06
49,1,-0.000133003,-1.17462e-05,0,-1.70461e-09,8.52085e-09,0,0.0005,-0.0220217,-0.0768754,0.0250908,0.0180558,0.00266211,4.93031e-05
36,1,-0.000116999,3.36443e-06,0,1.04208e-08,1.43339e-08,0,0.00052,0.0475553,0.0361701,0.0307599,0.0188813,0.0021635,-6.697e-06
2,1,-0.000124177,1.11447e-05,0,1.14808e-08,2.04561e-08,0,0.00058,-0.0121389,-0.00952658,0.00578935,0.0198411,0.00242557,1.88296e-05
21,1,-0.000153531,4.41881e-06,0,-5.15063e-09,2.01136e-08,0,0.00054,-0.0433883,0.0463667,0.0402244,0.0189487,0.00308465,-1.41959e-06
87,1,-0.000178001,6.53369e-06,0,-3.41069e-09,8.28791e-10,0,0.00044,0.0118901,0.0742959,0.116368,0.00105793,0.00368028,1.77683e-05
193,1,-0.000264194,1.15905e-05,0,-3.32299e-08,4.21641e-09,0,0.00044,0.0218739,0.0736449,0.0614359,0.00119609,0.00447014,-3.72271e-05
76,1,-0.000212826,3.55071e-05,0,-1.95434e-08,1.94691e-08,0,0.00046,-0.078277,-0.035104,0.0851406,0.000143489,0.00426454,-2.06407e-05
85,1,-0.000269665,1.06375e-05,0,-3.64354e-08,-2.04449e-09,0,0.00044,-0.0618481,-0.0725927,-0.0217282,0.00203098,0.00449672,1.35023e-05
30,1,-0.000208807,2.44376e-05,0,-2.45869e-08,1.69963e-09,0,0.00052,0.045897,0.0777562,0.122536,0.00219575,0.00362029,4.55657e-05
94,1,-0.000229347,5.38686e-06,0,-1.90023e-08,1.06236e-09,0,0.00042,0.0146837,-0.0774266,-0.129791,0.00308886,0.00377305,4.70582e-05
95,1,-0.000259576,-1.68142e-05,0,-7.11216e-08,-3.28646e-08,0,0.00058,0.115625,0.078124,-0.0154748,0.00293658,0.00479367,1.0814e-05
82,1,-0.000237129,-3.92025e-05,0,-2.74551e-08,-1.32532e-08,0,0.00046,-0.151537,-0.0501433,0.0128933,0.00373509,0.00431282,3.14585e-06
9,1,-0.000207884,-4.28421e-05,0,-3.79644e-08,-2.15925e-08,0,0.00056,0.0985732,0.00939684,0.0289978,0.00398281,0.0033992,-3.93388e-05
159,1,-0.000245791,-4.49324e-05,0,-3.04986e-08,-1.54026e-08,0,0.00048,0.135622,0.0172114,0.0205372,0.00453693,0.0046026,2.716e-05
194,1,-0.000217436,-3.79148e-05,0,-2.21552e-08,-9.99893e-09,0,0.00044,-0.11333,-0.019588,0.0261438,0.0048282,0.00385745,-1.25794e-06
131,1,-0.000246211,-3.4349e-05,0,-4.04047e-08,-2.10382e-08,0,0.00052,0.0430662,-0.0192693,0.0347065,0.00548614,0.00454175,4.40858e-05
92,1,-0.000208654,-2.93409e-05,0,-1.80705e-08,-7.67737e-09,0,0.00042,-0.0613433,0.0492329,0.0236936,0.00560451,0.00369952,3.96798e-05
135,1,-0.000214196,-2.64071e-05,0,-3.41806e-08,-1.82918e-08,0,0.0005,0.00681879,-0.0288414,0.0316673,0.00648422,0.00382575,-7.07934e-06
115,1,-0.00025686,-2.96846e-05,0,-4.43826e-08,-3.04604e-08,0,0.00054,-0.0164706,0.0160192,0.0205292,0.00648446,0.00481618,3.45424e-05
105,1,-0.000233172,-2.59397e-05,0,-5.35992e-08,-3.7924e-08,0,0.00056,-0.00896932,-0.0234261,0.0205433,0.00740343,0.00432004,2.286e-05
182,1,-0.000197134,-2.06277e-05,0,-3.09808e-08,-1.76402e-08,0,0.00046,-0.0257244,0.124486,0.0255127,0.00779337,0.00344954,-3.43082e-05
99,1,-0.000216479,-1.44453e-05,0,-5.60394e-08,-4.41921e-08,0,0.00056,0.11983,0.00491464,0.0268612,0.00847932,0.00414754,1.9512e-05
160,1,-0.000207193,-7.67433e-06,0,-3.90976e-08,-3.07825e-08,0,0.00048,-0.0364152,-0.0314971,0.0126717,0.00944904,0.00396386,5.32063e-06
171,1,-0.000248001,-1.24159e-05,0,-3.79149e-08,-3.30796e-08,0,0.00048,0.0325442,0.175022,0.0434842,0.0092073,0.00486811,-2.43024e-05
157,1,-0.000223973,-7.77671e-06,0,-4.76616e-08,-3.89903e-08,0,0.0005,-0.0142649,0.00256853,0.0358883,0.0101905,0.00453646,1.35755e-05
56,1,-0.000189258,-2.48195e-06,0,-4.41226e-08,-3.49604e-08,0,0.0005,0.0324003,-0.123507,0.0160988,0.0104778,0.00363582,-2.12721e-05
40,1,-0.000183988,1.14769e-05,0,-5.79434e-08,-3.79767e-08,0,0.0005,0.0519914,0.13435,0.0231183,0.0114332,0.00343466,-2.89305e-05
125,1,-0.000213869,5.29691e-06,0,-5.65502e-08,-4.01309e-08,0,0.00052,-0.114548,0.0226798,0.0320631,0.0111595,0.00430844,9.36883e-06
190,1,-0.000232671,4.14773e-06,0,-4.39713e-08,-2.97084e-08,0,0.00044,-0.103029,-0.148439,0.0366538,0.0119367,0.00483317,2.78794e-05
165,1,-0.000194898,1.13224e-05,0,-4.41909e-08,-3.6627e-08,0,0.00048,0.124324,-0.0210671,0.0246674,0.0121754,0.00400267,4.76559e-05
62,1,-0.000184207,1.3354e-06,0,-5.00441e-08,-3.84491e-08,0,0.00048,-0.0935499,0.0209532,-0.0164808,0.0129927,0.00360355,4.14547e-05
185,1,-0.000218974,-7.98958e-06,0,-4.59982e-08,-3.79655e-08,0,0.00046,0.0905065,0.302784,0.031338,0.0130055,0.00445306,-3.17454e-05
77,1,-0.000186322,-3.13703e-05,0,-3.48323e-08,-2.58495e-08,0,0.00046,0.0686693,-0.0548016,0.0327037,0.0145944,0.0036635,2.15234e-05
192,1,-0.000212995,-1.74792e-05,0,-4.09529e-08,-2.48573e-08,0,0.00044,0.094041,-0.375808,0.0097074,0.0137974,0.00412462,3.50109e-05
101,1,-0.000223289,-2.58095e-05,0,-7.54559e-08,-4.85467e-08,0,0.00056,-0.0565477,0.282524,0.00463646,0.0146317,0.00460978,-2.13321e-05
18,1,-0.00016343,-1.9674e-05,0,-4.50372e-08,-2.2303e-08,0,0.00054,-0.0138235,0.0279669,0.0332313,0.0154794,0.00334639,-3.02218e-05
172,1,-0.000210418,-2.46089e-05,0,-4.57733e-08,-1.53633e-08,0,0.00048,-0.0175762,-0.303542,0.0308966,0.0155927,0.00429889,-1.72291e-05
162,1,-0.000179614,-3.68074e-05,0,-1.70098e-08,-7.5427e-09,0,0.00048,-0.0159159,-0.0847134,0.072574,0.0164496,0.00378486,3.07542e-05
168,1,-0.000227513,-3.17577e-05,0,-3.40079e-08,-3.55936e-09,0,0.00048,-0.024729,-0.0362012,0.0219878,0.0167511,0.00460663,-5.06646e-06
43,1,-0.000204343,-1.65161e-05,0,-2.64647e-08,5.41575e-09,0,0.0005,-0.0677639,0.0728561,0.0506513,0.0175557,0.00423881,-3.67063e-05
61,1,-0.000177954,-7.42419e-06,0,-1.32954e-08,1.09813e-08,0,0.00048,0.00747573,-0.0190187,0.0173105,0.0182557,0.00368427,4.42332e-05
167,1,-0.000222657,-1.08133e-05,0,-2.50201e-08,1.10079e-08,0,0.00048,-0.0492483,-0.121455,0.0451922,0.0185042,0.00455817,4.50596e-05
64,1,-0.000150811,1.65212e-05,0,1.62419e-09,1.42086e-08,0,0.00048,0.0192995,-0.125544,0.0426629,0.0199525,0.00342722,-3.46654e-05
149,1,-0.00024657,9.42377e-06,0,-3.84588e-08,2.21778e-08,0,0.0005,-0.0635214,0.114818,0.044676,0.0194097,0.00486463,-4.39636e-05
37,1,-0.000190061,1.74039e-06,0,-1.54978e-08,1.92438e-08,0,0.00052,0.0858056,0.0489222,0.033047,0.0192506,0.00398142,4.93343e-05
139,1,-0.000279305,1.48017e-05,0,-4.50951e-08,7.27583e-09,0,0.0005,-0.0181981,0.235951,-0.0188146,0.00121777,0.00534142,-7.56683e-06
196,1,-0.000294649,2.91545e-05,0,-2.5259e-08,1.12746e-08,0,0.00042,-0.193524,-0.106589,0.0288354,0.000554763,0.00593873,3.21564e-05
147,1,-0.000267029,3.13743e-05,0,-4.1825e-08,2.15218e-08,0,0.0005,0.0471887,-0.189138,0.0144569,0.00033552,0.00511886,-2.4127e-05
143,1,-0.000311855,1.62076e-05,0,-3.93939e-08,1.8601e-08,0,0.0005,0.107296,0.195145,0.0190797,5.58051e-05,0.00662921,3.12852e-05
142,1,-0.000299732,1.83157e-06,0,-4.16824e-08,-3.67048e-09,0,0.0005,0.169199,-0.0566766,0.022435,0.00173027,0.0061207,2.89194e-05
177,1,-0.000268245,4.25231e-07,0,-3.03606e-08,-3.64425e-09,0,0.00046,0.0354262,-0.283433,-0.000298707,0.00209434,0.00532271,-4.51984e-05
121,1,-0.000286551,-6.82376e-06,0,-4.16128e-08,-2.12194e-08,0,0.00052,-0.15486,0.223506,0.0425428,0.00284996,0.00583157,6.87793e-06
140,1,-0.000320469,-8.91987e-06,0,-3.48844e-08,-2.08288e-08,0,0.0005,0.298636,-0.161524,0.0100762,0.00336557,0.00663493,-4.44854e-05
195,1,-0.000297246,-3.82982e-05,0,-2.65191e-08,-2.07073e-08,0,0.00044,-0.461092,0.00867417,-0.0920919,0.00370391,0.00551335,-2.73404e-05
179,1,-0.000322692,-4.61238e-05,0,-2.87891e-08,-2.28716e-08,0,0.00046,0.339627,-0.146488,0.00214075,0.00415583,0.00628327,3.81307e-05
103,1,-0.000290532,-4.51344e-05,0,-5.25111e-08,-3.42163e-08,0,0.00056,-0.145215,-0.0365951,0.0438622,0.00465667,0.00551385,1.00341e-06
110,1,-0.000319343,-3.69512e-05,0,-5.00889e-08,-3.77036e-08,0,0.00054,0.0543426,-0.129421,0.0228416,0.00521443,0.00638301,-4.65545e-05
102,1,-0.000285252,-3.2924e-05,0,-5.08569e-08,-3.6331e-08,0,0.00056,-0.0282016,0.04936,0.013652,0.00572237,0.00551585,-2.06108e-05
153,1,-0.000322727,-3.6087e-05,0,-3.76788e-08,-3.43929e-08,0,0.0005,-0.0598455,0.150457,-0.00141133,0.0061788,0.00652945,3.54227e-05
180,1,-0.000293214,-3.08681e-05,0,-2.89191e-08,-2.39504e-08,0,0.00046,0.0229939,-0.0784238,0.0354286,0.00665296,0.00575587,1.27382e-05
107,1,-0.000324304,-3.09917e-05,0,-4.85593e-08,-4.82861e-08,0,0.00054,-0.194561,-0.154663,0.0202283,0.00718435,0.00654443,1.90715e-05
197,1,-0.000269698,-2.99313e-05,0,-2.1643e-08,-1.90339e-08,0,0.00042,0.0547119,0.0216523,0.00773097,0.00730426,0.00525957,1.2658e-05
145,1,-0.00030065,-2.66594e-05,0,-4.00627e-08,-3.81727e-08,0,0.0005,0.116374,0.212967,0.0249971,0.00787768,0.00592856,-3.07296e-05
117,1,-0.00026185,-1.82712e-05,0,-4.78338e-08,-4.36426e-08,0,0.00054,-0.136629,-0.0202808,0.0456983,0.00818801,0.00506134,-5.37633e-06
114,1,-0.000289097,-1.85766e-05,0,-4.83796e-08,-4.89132e-08,0,0.00054,-0.0407901,-0.205479,0.00897536,0.00888981,0.00581222,-4.55597e-05
158,1,-0.000307389,-1.91644e-05,0,-3.09772e-08,-3.77771e-08,0,0.00048,-0.0931461,0.143002,0.0323099,0.00961916,0.00642561,4.23607e-05
96,1,-0.000268125,-1.23323e-05,0,-7.79467e-08,-6.87001e-08,0,0.00058,0.0444578,-0.083392,0.0269736,0.0100125,0.00553524,-1.47472e-05
98,1,-0.000303128,-1.31263e-05,0,-8.46802e-08,-6.19644e-08,0,0.00058,-0.123546,-0.0670704,0.0389219,0.0109025,0.00628682,-5.04024e-06
109,1,-0.000257821,-1.93038e-06,0,-6.8971e-08,-4.85311e-08,0,0.00054,0.119693,0.0455584,0.0286709,0.0110451,0.00525617,-2.57589e-05
150,1,-0.000305565,-3.2679e-06,0,-4.95697e-08,-4.87151e-08,0,0.0005,-0.13244,-0.0442145,0.0301435,0.0119118,0.0066223,-1.6913e-05
151,1,-0.000267524,-3.11854e-06,0,-5.53054e-08,-4.67205e-08,0,0.0005,0.108396,0.07725,0.0191103,0.011905,0.00571521,2.72027e-05
164,1,-0.000283192,1.6669e-06,0,-4.68983e-08,-4.9034e-08,0,0.00048,0.143083,0.0592337,0.0194034,0.0127138,0.006217,2.01859e-05
152,1,-0.000250007,3.78486e-06,0,-6.36673e-08,-5.52464e-08,0,0.0005,-0.157429,-0.0379766,0.0280079,0.0127399,0.00528571,-2.6529e-06
184,1,-0.000259519,-8.239e-06,0,-4.77147e-08,-3.96733e-08,0,0.00046,0.126531,-0.174653,-0.00461637,0.0135184,0.00587905,1.76588e-05
173,1,-0.000239331,-1.12354e-05,0,-4.67609e-08,-4.41822e-08,0,0.00048,-0.0315346,-0.268596,0.0247272,0.0136925,0.00500029,4.476e-05
189,1,-0.000247963,-9.87537e-06,0,-4.24816e-08,-3.12836e-08,0,0.00044,-0.107638,0.164726,-0.00851997,0.0143163,0.00559682,-2.41619e-05
118,1,-0.000303945,5.05766e-06,0,-5.85525e-08,-6.5804e-08,0,0.00054,0.0659891,0.307984,0.0993722,0.0142657,0.00651473,-4.22073e-05
134,1,-0.000242857,-3.05655e-05,0,-6.80596e-08,-2.48888e-08,0,0.00052,0.161143,-0.144891,-0.00581613,0.0151798,0.0054509,-4.22335e-05
187,1,-0.000289988,-3.9739e-05,0,-5.72344e-08,-7.27036e-09,0,0.00046,-0.197936,0.0109732,0.0802751,0.0153103,0.00631826,4.20701e-05
154,1,-0.000244048,-3.28642e-05,0,-5.14839e-08,-1.22899e-08,0,0.0005,-0.0767694,0.107474,0.0198517,0.0160343,0.00511294,2.90979e-05
133,1,-0.000287879,-3.79593e-05,0,-6.02082e-08,-6.19246e-09,0,0.00052,0.102137,0.0122515,0.0247862,0.0162461,0.00606639,2.24799e-05
146,1,-0.000262072,-2.92483e-05,0,-4.70367e-08,-5.7081e-10,0,0.0005,-0.0174083,-0.0987047,0.0335033,0.0169747,0.00544695,1.83575e-05
156,1,-0.000301318,-3.00353e-05,0,-5.31199e-08,3.86314e-09,0,0.0005,0.0161848,0.0350435,0.0300818,0.0171755,0.00633829,-1.8988e-06
169,1,-0.000249519,-1.88325e-05,0,-3.42758e-08,7.39566e-09,0,0.00048,0.137809,0.0580137,0.0246157,0.0178255,0.00513082,2.60985e-05
170,1,-0.000289228,-1.9236e-05,0,-4.48921e-08,1.09015e-08,0,0.00048,-0.142356,0.0394662,0.0274673,0.0180134,0.00599539,-4.71426e-05
148,1,-0.000271664,-6.32052e-06,0,-4.48015e-08,1.82465e-08,0,0.0005,0.0338255,-0.0265165,0.0307171,0.0187425,0.0054746,3.81834e-05
106,1,-0.000305189,-2.54786e-06,0,-6.38591e-08,2.56053e-08,0,0.00056,-0.0682583,-0.0980901,0.0216521,0.0189217,0.00644867,-2.02095e-05
137,1,-0.000286923,1.69861e-05,0,-4.37832e-08,2.2264e-08,0,0.0005,0.0792022,0.0822303,0.0341433,0.0196643,0.00577164,-4.83823e-05
132,1,-0.000309727,1.80355e-05,0,-4.06685e-08,1.29172e-08,0,0.00052,0.0351184,-0.173162,-0.00980923,0.00103318,0.00669335,7.74856e-06
124,1,-0.000387007,9.44666e-06,0,-5.09018e-08,5.21619e-09,0,0.00052,0.116228,-0.00221155,-0.00694952,0.0010222,0.00827308,7.98975e-06
138,1,-0.000347474,1.59827e-05,0,-4.19733e-08,1.47774e-08,0,0.0005,0.0359398,0.165431,0.0647141,0.000517229,0.00745924,1.72877e-05
127,1,-0.00038519,5.70609e-06,0,-5.04798e-08,1.99541e-08,0,0.00052,-0.201392,0.0155904,0.0145743,2.68012e-05,0.0082363,-4.70278e-05
112,1,-0.000347292,6.69706e-06,0,-4.92977e-08,-2.20244e-09,0,0.00054,-0.247894,0.14555,0.0552826,0.00172132,0.00749386,3.67542e-05
122,1,-0.000318345,-7.27158e-06,0,-3.8961e-08,-1.84729e-08,0,0.00052,-0.0923071,0.173145,-0.00282425,0.00241991,0.00672191,-1.13161e-05
111,1,-0.00035962,-1.00319e-05,0,-4.98932e-08,-2.50912e-08,0,0.00054,0.358692,0.258875,0.0507293,0.00280113,0.00762602,-1.8846e-05
104,1,-0.000389277,-6.67294e-06,0,-6.46152e-08,-3.18236e-08,0,0.00056,0.353674,0.213538,0.00824593,0.00363179,0.00832214,-3.81694e-05
188,1,-0.000357791,-1.43293e-05,0,-2.92869e-08,-1.53935e-08,0,0.00044,-0.534675,-0.0423568,0.00853321,0.00374534,0.00741491,-2.9739e-05
186,1,-0.000386858,-2.80856e-05,0,-3.957e-08,-2.515e-08,0,0.00046,0.244627,-0.44435,0.0100603,0.00446731,0.0079092,2.59556e-05
141,1,-0.000349624,-3.19917e-05,0,-4.4973e-08,-2.9431e-08,0,0.0005,-0.216915,0.320031,0.0282188,0.00455892,0.00706049,-4.89198e-05
304,1,-0.000394039,-4.05666e-05,0,-2.72783e-08,-2.42738e-08,0,0.00042,-0.0933969,0.500344,-0.00138928,0.0052405,0.0081287,-2.04116e-05
120,1,-0.000360744,-4.08755e-05,0,-5.14084e-08,-4.32743e-08,0,0.00052,-0.0900414,0.0334857,0.0511034,0.00556149,0.00730667,-3.20614e-05
232,1,-0.00039395,-3.77598e-05,0,-5.08335e-08,-5.08425e-08,0,0.00052,-0.160932,-0.359644,0.00389295,0.00615896,0.00809592,1.47771e-05
155,1,-0.000360146,-3.51687e-05,0,-4.09088e-08,-4.06492e-08,0,0.0005,0.25782,0.173158,0.0477644,0.00667903,0.00733906,-2.80691e-05
126,1,-0.000388866,-3.89189e-05,0,-4.64705e-08,-5.44998e-08,0,0.00052,0.0344812,0.303016,0.0136294,0.00718249,0.0081698,-2.4969e-05
130,1,-0.000354815,-3.48315e-05,0,-4.26167e-08,-5.00424e-08,0,0.00052,-0.0587574,-0.232011,0.0215166,0.00774038,0.00736933,2.2788e-05
163,1,-0.000324153,-2.54374e-05,0,-3.23264e-08,-3.918e-08,0,0.00048,0.131606,0.14425,0.0246385,0.00839398,0.006679,-2.4844e-05
183,1,-0.00037085,-3.47575e-05,0,-2.76058e-08,-3.90981e-08,0,0.00046,-0.172691,0.115378,0.0187636,0.00850572,0.00787666,4.85236e-05
128,1,-0.000344192,-2.8832e-05,0,-4.18478e-08,-5.16396e-08,0,0.00052,0.0365018,-0.0131581,0.0178264,0.00916312,0.00722752,-3.30909e-05
291,1,-0.000363919,-2.60685e-05,0,-3.08756e-08,-3.15854e-08,0,0.00046,-0.189048,-0.149712,0.0368584,0.00977223,0.00788786,-3.5681e-05
116,1,-0.000335581,-1.89986e-05,0,-5.47174e-08,-4.75134e-08,0,0.00054,0.222654,-0.00900422,0.012189,0.0102778,0.00712576,-3.07794e-05
243,1,-0.000360154,-1.85504e-05,0,-3.66681e-08,-3.96076e-08,0,0.0005,-0.241755,0.0571231,0.0271148,0.0107524,0.00798922,-4.5525e-06
247,1,-0.000336443,-1.02124e-05,0,-4.19844e-08,-4.27737e-08,0,0.0005,0.12741,0.0670027,0.0277233,0.0112906,0.00726275,-3.2558e-05
300,1,-0.000357408,-9.23229e-06,0,-2.0582e-08,-2.57703e-08,0,0.00042,-0.125826,-0.0732035,-0.00401474,0.0116477,0.00806041,-2.70922e-06
123,1,-0.000339787,-4.05896e-06,0,-4.55735e-08,-6.05913e-08,0,0.00052,0.137974,0.0463204,0.0186938,0.0123607,0.00748597,-3.94419e-05
144,1,-0.000327399,8.9653e-06,0,-3.85961e-08,-5.78927e-08,0,0.0005,-0.13023,-0.0608482,0.0411085,0.0132162,0.00698329,1.64328e-05
259,1,-0.000349598,5.89594e-06,0,-4.62102e-08,-6.13082e-08,0,0.0005,0.127587,0.0971706,0.00280278,0.0132419,0.00797088,-2.56433e-05
161,1,-0.000349836,-4.65305e-06,0,-2.83137e-08,-4.01777e-08,0,0.00048,-0.151888,-0.0864976,-0.0208099,0.0140184,0.00743812,-2.82612e-05
176,1,-0.000354562,-3.57575e-05,0,-3.86737e-08,2.25821e-10,0,0.00046,-0.0578171,-0.0588671,-0.0321438,0.0147563,0.00789666,4.21792e-05
174,1,-0.000342833,-6.60091e-06,0,-4.99107e-08,-2.69868e-08,0,0.00046,0.160483,0.0116294,-0.0149318,0.0140925,0.00831518,4.29821e-06
119,1,-0.00033976,-4.33561e-05,0,-6.25353e-08,4.13441e-09,0,0.00054,0.164746,-0.100499,0.0263689,0.0152576,0.00721428,-3.70828e-05
296,1,-0.000363999,-3.89478e-05,0,-3.43599e-08,6.60678e-09,0,0.00044,-0.269018,-0.0382287,0.00915656,0.0156081,0.00807661,-3.96098e-06
166,1,-0.000326618,-3.91216e-05,0,-5.01082e-08,-6.11241e-09,0,0.00048,-0.122793,0.0902445,0.00963229,0.016114,0.0069617,-3.83096e-05
191,1,-0.000364318,-4.18433e-05,0,-3.49334e-08,7.78759e-09,0,0.00044,0.218348,-0.000695398,0.0176485,0.0163971,0.00792281,-1.89411e-05
113,1,-0.000338823,-3.73363e-05,0,-6.77013e-08,9.31527e-09,0,0.00054,-0.0282869,-0.116129,0.022526,0.0170035,0.00725716,-3.33274e-05
136,1,-0.000367645,-3.04911e-05,0,-4.92433e-08,1.76493e-08,0,0.0005,-0.220408,-0.148116,0.0332008,0.0176681,0.00790833,-3.46879e-05
108,1,-0.000328875,-1.94375e-05,0,-6.33516e-08,1.90383e-08,0,0.00054,0.173246,0.0615951,0.0390958,0.0179935,0.00694659,-1.46308e-05
175,1,-0.00036083,-1.39091e-05,0,-3.71933e-08,1.33851e-08,0,0.00046,-0.0179387,0.268993,0.0102573,0.0185364,0.00770429,2.46256e-05
198,1,-0.000383435,-3.83461e-06,0,-2.82987e-08,1.33551e-08,0,0.00042,0.335725,-0.0585033,0.0175654,0.0191415,0.00826239,-3.99128e-05
97,1,-0.000348951,4.61158e-06,0,-7.1633e-08,3.14893e-08,0,0.00058,-0.071035,-0.219979,0.0519695,0.0194299,0.00738377,-1.12464e-05
302,1,-0.000411982,1.59743e-05,0,-2.47527e-08,1.78194e-09,0,0.00042,-1.06438,0.531274,0.00842298,0.00137717,0.0091578,-1.11344e-05
129,1,-0.000418415,1.29001e-05,0,-4.74656e-08,1.88194e-08,0,0.00052,0.106717,-0.463697,0.0302875,0.000452164,0.00912755,-1.04316e-05
264,1,-0.000445318,-1.11322e-05,0,-3.17291e-08,-7.07218e-09,0,0.00048,0.129018,-2.30021,0.0055708,0.00172635,0.00998323,3.54547e-06
178,1,-0.000405317,1.02262e-05,0,-3.90684e-08,-1.47863e-09,0,0.00046,0.490975,0.178183,0.00142879,0.00189435,0.00846423,-4.92713e-05
241,1,-0.000401652,-6.02044e-06,0,-2.75786e-08,-1.61686e-08,0,0.0005,0.223324,1.25257,0.121405,0.00230887,0.009252,4.93873e-05
199,1,-0.000399029,-4.48044e-06,0,-2.8099e-08,-1.07515e-08,0,0.00042,-0.657228,-0.286192,0.00050855,0.00272034,0.00850148,-4.45245e-05
276,1,-0.00043482,1.69894e-05,0,-3.0615e-08,-1.84694e-08,0,0.00048,0.660159,-0.662661,-0.0990013,0.00298365,0.00987176,7.96265e-06
297,1,-0.000418985,6.24168e-07,0,-2.76472e-08,-1.62427e-08,0,0.00044,-0.283111,-0.789035,0.0280422,0.00322995,0.00911068,-4.34141e-05
201,1,-0.000443606,-2.31684e-05,0,-6.03025e-08,-6.59084e-08,0,0.00058,0.422847,0.601331,-0.0183677,0.0039738,0.00972978,-9.33208e-06
229,1,-0.000415082,-2.58462e-05,0,-4.90941e-08,-4.34876e-08,0,0.00052,-0.45082,-0.312561,0.0508241,0.00457804,0.00882285,-1.57412e-05
224,1,-0.000445342,-2.96161e-05,0,-4.98926e-08,-6.19322e-08,0,0.00054,0.0296519,-0.59919,0.0180185,0.00503385,0.00971456,-3.72943e-05
206,1,-0.00041914,-4.25399e-05,0,-6.17964e-08,-6.90465e-08,0,0.00056,0.310316,0.134745,0.0330814,0.00565148,0.00892629,-2.37608e-06
205,1,-0.000455217,-4.35211e-05,0,-6.43702e-08,-7.73515e-08,0,0.00056,0.0224593,0.415788,0.0179613,0.00620407,0.00978042,-1.82378e-05
281,1,-0.000415867,-3.85156e-05,0,-3.34535e-08,-3.83622e-08,0,0.00046,-0.173064,-0.182762,0.0172831,0.00664797,0.00892069,3.24679e-05
249,1,-0.000432799,-5.34997e-05,0,-4.36531e-08,-5.69854e-08,0,0.0005,-0.160938,0.0357933,0.0333144,0.00749396,0.00931912,-2.10203e-05
288,1,-0.00039895,-3.99807e-05,0,-3.0053e-08,-3.91233e-08,0,0.00046,0.2414,-0.181712,0.0206121,0.0080094,0.00857397,-4.57402e-05
260,1,-0.000422719,-4.48032e-05,0,-4.5026e-08,-4.91536e-08,0,0.0005,-0.355584,-0.0660532,0.021942,0.00851659,0.00930964,-3.04875e-05
221,1,-0.000396798,-3.80498e-05,0,-5.33882e-08,-5.20711e-08,0,0.00054,0.272855,0.0340265,0.0205261,0.00915124,0.00857139,-4.73944e-05
203,1,-0.000432264,-4.02895e-05,0,-6.44625e-08,-6.87407e-08,0,0.00058,-0.208432,-0.000116841,0.0383226,0.00955832,0.00954586,3.09174e-06
235,1,-0.00039837,-2.53019e-05,0,-4.4556e-08,-4.56539e-08,0,0.00052,0.136465,0.0678737,0.0391675,0.0101555,0.00870608,1.54215e-05
244,1,-0.000425288,-2.81751e-05,0,-3.31128e-08,-4.19967e-08,0,0.0005,-0.0526282,0.0108418,-0.0126218,0.010596,0.00951825,-9.05165e-06
255,1,-0.000403398,-1.33462e-05,0,-3.33139e-08,-3.73353e-08,0,0.0005,0.215169,-0.187175,0.0674601,0.0112142,0.00881903,1.70983e-05
299,1,-0.000426155,-5.42904e-05,0,-1.46759e-08,-3.2091e-08,0,0.00044,-0.440287,-0.173647,-0.00969915,0.0113789,0.00982624,-7.6113e-06
269,1,-0.000406438,-3.85456e-05,0,-9.0616e-09,-3.94436e-08,0,0.00048,0.0262513,0.412915,0.0323941,0.0120543,0.00927281,4.26166e-05
248,1,-0.000367933,-7.48669e-06,0,-3.01509e-08,-5.31655e-08,0,0.0005,-0.159087,-0.0787926,0.0416875,0.0124389,0.00845173,4.46827e-05
263,1,-0.000433874,-5.46998e-05,0,-6.86221e-09,9.06788e-11,0,0.0005,0.296099,-0.253429,-0.0352065,0.0129241,0.00967162,-4.17269e-05
208,1,-0.000399743,-3.28289e-05,0,-3.95575e-08,-1.82136e-08,0,0.00056,-0.315765,0.2847,0.116651,0.0136444,0.00907757,-1.3764e-05
211,1,-0.000447353,-4.28198e-05,0,-2.30212e-08,3.96277e-08,0,0.00056,-0.164703,0.080791,0.0164016,0.0148618,0.00978016,-3.84248e-05
209,1,-0.00038885,-4.39651e-05,0,-6.44273e-08,2.6001e-08,0,0.00056,0.0895603,0.250809,0.0594431,0.0150338,0.00879131,1.49646e-05
280,1,-0.00044432,-3.34904e-05,0,-1.78032e-08,2.03742e-08,0,0.00046,0.237201,-0.0616139,0.0353594,0.0158338,0.00977362,4.71162e-05
226,1,-0.00039774,-2.96163e-05,0,-5.04416e-08,1.15336e-08,0,0.00052,-0.068091,-0.311027,0.00772822,0.0160777,0.00889476,2.41907e-05
204,1,-0.000463485,-4.94858e-05,0,-4.36059e-08,5.74214e-08,0,0.00058,-0.0687015,0.0142916,0.00523627,0.0168586,0.0097838,3.19371e-06
214,1,-0.000387566,-3.89885e-05,0,-5.68786e-08,1.91511e-08,0,0.00054,0.0554596,0.301257,0.00937303,0.0170283,0.00862485,2.66777e-05
287,1,-0.000434538,-3.09377e-05,0,-3.35705e-08,2.52809e-08,0,0.00046,0.221462,-0.108689,0.0666485,0.0177025,0.00929507,7.50784e-06
100,1,-0.000392102,-1.65587e-05,0,-6.01738e-08,3.53871e-08,0,0.00056,0.0060949,-0.0924666,0.0241931,0.0183188,0.00861684,-3.38667e-05
231,1,-0.000445047,-9.88425e-06,0,-4.72592e-08,3.95669e-08,0,0.00052,-0.300732,-0.427827,0.0259622,0.0187502,0.00950259,4.87165e-05
181,1,-0.000414455,-1.55287e-07,0,-3.31993e-08,1.86167e-08,0,0.00046,-0.149762,0.631464,0.0694155,0.0195055,0.00898889,5.5329e-07
273,1,-0.000457863,6.14516e-06,0,-3.37823e-08,2.78559e-08,0,0.00048,0.521428,0.59821,0.0185439,0.0196693,0.00983659,1.2865e-05
245,1,-0.000485996,2.8776e-06,0,-3.40844e-08,6.85234e-09,0,0.0005,0.769252,0.975315,0.0435899,0.00135662,0.0108419,9.49774e-06
200,1,-0.000464758,6.04253e-06,0,-5.64918e-08,2.52925e-08,0,0.00058,-0.303737,-0.506002,0.0114265,0.000631493,0.0101581,1.74262e-06
274,1,-0.00049573,-1.16257e-05,0,-1.64363e-08,2.31133e-08,0,0.00048,0.534439,-1.65653,0.00597489,0.000515238,0.0112339,1.26179e-05
258,1,-0.000497041,-4.2033e-07,0,-2.26265e-08,-2.40549e-08,0,0.0005,0.582163,-0.00224034,0.0213453,0.00205857,0.0114012,4.36203e-05
225,1,-0.000487273,5.50048e-06,0,-3.75465e-08,-3.07213e-08,0,0.00054,-1.20203,1.35309,0.152242,0.00251203,0.0106146,-4.18982e-05
213,1,-0.00050753,3.27346e-05,0,-3.28151e-08,-5.32688e-08,0,0.00056,2.14717,0.241141,-0.0441578,0.00304335,0.0115124,3.44228e-06
286,1,-0.000476985,-6.43372e-06,0,-2.20507e-08,-3.02193e-08,0,0.00046,-1.28993,-0.34732,0.120484,0.00350933,0.0106129,4.40746e-05
279,1,-0.000515602,-1.74276e-05,0,-1.99045e-08,-4.22498e-08,0,0.00046,0.49323,-0.777756,-0.0191785,0.0039583,0.0113594,1.46648e-06
207,1,-0.000480352,-2.9711e-05,0,-4.71536e-08,-7.19948e-08,0,0.00056,0.167118,0.0769033,0.0338986,0.00457466,0.0106345,-2.79071e-05
216,1,-0.000524138,-2.66971e-05,0,-3.35626e-08,-7.42534e-08,0,0.00054,-0.0835427,0.569787,0.0457208,0.00487873,0.0116102,-1.27408e-05
289,1,-0.00047791,-3.5812e-05,0,-3.03471e-08,-4.26251e-08,0,0.00046,-0.501475,-0.054998,-0.00193241,0.0055381,0.0105142,-3.34068e-05
290,1,-0.000496413,-4.61592e-05,0,-3.09226e-08,-4.48199e-08,0,0.00046,0.311588,-0.628551,-0.0223779,0.00580084,0.0113445,-3.49974e-05
257,1,-0.000483686,-4.93768e-05,0,-4.19635e-08,-5.91313e-08,0,0.0005,0.12899,0.0238084,0.014853,0.00643774,0.0106982,-4.99548e-05
294,1,-0.00050252,-6.73876e-05,0,-3.28485e-08,-4.44748e-08,0,0.00044,-0.0210482,0.299899,0.0141459,0.00673145,0.0114681,-3.47829e-05
295,1,-0.000473069,-6.39869e-05,0,-3.38313e-08,-4.42739e-08,0,0.00044,0.359525,-0.366601,0.00925066,0.00712078,0.0101276,8.34147e-06
218,1,-0.000487799,-7.11627e-05,0,-6.06801e-08,-7.9287e-08,0,0.00054,-0.445507,0.0797125,0.000734596,0.00750667,0.0109814,-2.12959e-05
237,1,-0.000465794,-5.58592e-05,0,-5.54388e-08,-6.26664e-08,0,0.00052,0.320492,0.186711,0.0376039,0.0080636,0.010134,-3.49785e-05
254,1,-0.000492052,-6.50975e-05,0,-5.07796e-08,-5.45989e-08,0,0.0005,-0.394027,-0.149366,-0.00111146,0.00849587,0.0109856,2.14731e-05
236,1,-0.000478525,-6.40351e-05,0,-5.41044e-08,-5.74029e-08,0,0.00052,0.17298,0.255065,0.0301501,0.00927731,0.0104941,9.56966e-07
212,1,-0.000507523,-6.27036e-05,0,-7.97884e-08,-6.75212e-08,0,0.00056,0.0220274,0.0106407,0.01256,0.00991264,0.0112967,-1.47463e-05
261,1,-0.000462464,-3.64369e-05,0,-4.09834e-08,-4.15697e-08,0,0.0005,0.124069,-0.298092,0.0821875,0.0102736,0.0103815,-1.60515e-05
219,1,-0.000472293,-7.73086e-05,0,-5.48515e-08,-6.57616e-08,0,0.00054,0.383667,-0.248275,0.0986382,0.011373,0.0107279,-9.96495e-06
265,1,-0.000521539,-9.28155e-05,0,-5.67246e-08,-4.75813e-08,0,0.00048,-0.389047,-0.0266699,-0.000428652,0.0111209,0.0115891,-4.13942e-05
230,1,-0.000435715,-4.66496e-05,0,-2.37864e-08,-3.55248e-08,0,0.00052,0.0459829,-0.0114092,0.00964418,0.0121871,0.0102081,-2.75196e-05
256,1,-0.000465853,-6.35009e-05,0,-2.75705e-08,-2.23119e-08,0,0.0005,-0.0036651,0.26305,0.0504061,0.0124107,0.0111161,1.39627e-05
266,1,-0.000448727,-4.75772e-05,0,-1.81102e-08,-9.2262e-09,0,0.00048,-0.367316,0.0440289,0.0426958,0.0131302,0.0105812,-3.81409e-05
234,1,-0.00048055,-3.69696e-05,0,-2.60303e-08,1.73634e-08,0,0.00052,-0.0894778,-0.460793,0.00928463,0.0138361,0.0112547,1.50647e-05
246,1,-0.000451027,-3.37865e-05,0,-6.34501e-09,3.91609e-09,0,0.0005,0.411815,-0.123881,-0.0210148,0.0138936,0.0100625,-1.72888e-05
220,1,-0.000462523,-3.22288e-05,0,-1.35107e-08,4.13533e-08,0,0.00054,0.011034,0.469433,0.0220852,0.0146308,0.0107436,1.79805e-07
301,1,-0.000468143,-2.78875e-05,0,-9.15019e-09,2.22023e-08,0,0.00042,-0.00532619,-0.580661,0.0033649,0.0154682,0.0105162,2.7353e-05
272,1,-0.000462267,-2.06885e-05,0,-1.24077e-09,4.33011e-08,0,0.00048,-0.155991,-0.0718133,-0.0179177,0.0156579,0.0113598,5.40968e-06
253,1,-0.000479398,-5.25518e-05,0,-1.91935e-08,4.0911e-08,0,0.0005,-0.194534,0.472384,-0.0254327,0.0162871,0.0106412,-4.24369e-05
270,1,-0.000537274,-2.92415e-05,0,-2.71804e-08,5.16378e-08,0,0.00048,0.46925,0.488189,-0.0319896,0.0166024,0.0115423,5.57899e-06
202,1,-0.00050635,-4.1092e-05,0,-4.39702e-08,7.29553e-08,0,0.00058,-0.178088,-0.521848,0.0469171,0.0172864,0.0108267,6.96845e-06
227,1,-0.000472158,-2.61784e-05,0,-3.21052e-08,4.90327e-08,0,0.00052,0.0371662,0.777094,0.029068,0.0180197,0.010131,4.80946e-05
284,1,-0.000501224,-2.88175e-05,0,-1.52809e-08,3.76552e-08,0,0.00046,0.253705,0.628436,-0.00080953,0.0182547,0.0109976,4.66205e-05
285,1,-0.000479886,3.50173e-06,0,-1.87548e-08,3.05179e-08,0,0.00046,-0.454925,1.29651,0.00107533,0.0198023,0.0107132,1.30127e-05
277,1,-0.000486718,-1.09311e-05,0,-2.86016e-08,3.74574e-08,0,0.00048,0.0777026,-1.03255,0.0516151,0.018946,0.0104203,4.42072e-05
228,1,-0.000505985,-2.05386e-05,0,-1.7149e-08,5.31586e-08,0,0.00052,-0.348928,-0.44327,0.0434016,0.019134,0.0113409,-2.7703e-05
217,1,-0.00049678,3.91579e-06,0,6.44625e-11,2.65656e-08,0,0.00054,-1.89763,0.836011,-0.0225992,0.00126931,0.0118734,4.99362e-05
222,1,-0.000544676,-2.62757e-05,0,1.67425e-08,6.06189e-08,0,0.00054,0.510282,0.560775,-0.00928726,0.000610946,0.0125758,-2.41459e-05
267,1,-0.000544827,1.09867e-05,0,3.09449e-08,1.49142e-08,0,0.00048,3.58217,0.476078,-0.00668138,0.00159334,0.0128053,-3.43726e-05
278,1,-0.000515668,1.79871e-05,0,-2.46433e-09,-2.85727e-08,0,0.00048,-1.44774,-1.91195,0.10438,0.0023406,0.0122459,6.77892e-06
268,1,-0.000555513,4.44242e-05,0,2.64259e-08,-2.76341e-08,0,0.00048,1.39178,-0.0745326,0.0893892,0.00252161,0.0131136,-3.85877e-05
240,1,-0.000510138,6.16517e-05,0,3.32486e-09,-7.06142e-08,0,0.00052,-2.30888,0.865491,0.0120621,0.00325015,0.0124953,1.56753e-06
282,1,-0.000507623,-1.60002e-05,0,-1.43427e-08,-5.06337e-08,0,0.00046,-0.697336,0.0707409,-0.101279,0.00412359,0.0122061,3.49515e-06
271,1,-0.000578665,-2.66734e-06,0,-2.16487e-08,-5.56064e-08,0,0.00048,0.35266,-0.418109,0.243314,0.00476468,0.0128055,1.51186e-05
400,1,-0.000522266,-4.68032e-05,0,-1.94565e-08,-3.35579e-08,0,0.00042,0.535735,-0.27928,-0.12475,0.00543425,0.0122757,4.10288e-05
369,1,-0.000538182,-0.000101066,0,-3.16852e-08,-3.71471e-08,0,0.00048,-0.484911,0.238629,0.101496,0.00566703,0.0130369,-4.99274e-05
283,1,-0.000518357,-7.12327e-05,0,-3.00917e-08,-4.57036e-08,0,0.00046,-0.480204,0.268903,0.0354942,0.00620951,0.0120969,-2.24734e-05
371,1,-0.000530678,-8.02236e-05,0,-3.41748e-08,-5.89558e-08,0,0.00048,0.443499,-0.29482,-0.00596545,0.00656341,0.0128865,-3.7354e-05
338,1,-0.000521434,-8.39864e-05,0,-5.8243e-08,-7.58096e-08,0,0.00052,0.0408108,-0.223325,-0.00103254,0.0071818,0.0121985,-2.52694e-05
359,1,-0.00053352,-9.00273e-05,0,-6.46228e-08,-6.16585e-08,0,0.0005,-0.576406,-0.170629,-0.000397427,0.007943,0.0127772,-4.84058e-07
223,1,-0.000509365,-7.39698e-05,0,-6.69335e-08,-7.46284e-08,0,0.00054,0.503045,-0.0112435,0.0338412,0.00810643,0.0118334,-4.9699e-05
392,1,-0.000524458,-8.08128e-05,0,-4.33025e-08,-3.50829e-08,0,0.00044,-0.205355,0.423855,0.0214021,0.00879093,0.0124558,6.46138e-06
298,1,-0.00050995,-7.45891e-05,0,-3.89731e-08,-3.52365e-08,0,0.00044,0.186707,-0.153225,0.0143585,0.00905334,0.0116858,7.82155e-06
363,1,-0.000552925,-9.72713e-05,0,-7.52061e-08,-4.44009e-08,0,0.00048,0.638713,0.0952873,0.0175927,0.00957937,0.0131788,-1.17246e-06
396,1,-0.000524306,-8.70296e-05,0,-4.53269e-08,-3.71204e-08,0,0.00044,-0.642386,-0.256249,0.0262163,0.00960434,0.0123272,-4.8395e-05
360,1,-0.000550912,-9.84609e-05,0,-8.16421e-08,-5.3579e-08,0,0.0005,0.128952,-0.162042,0.0210709,0.00868833,0.0132997,-1.31753e-05
252,1,-0.000524399,-8.12519e-05,0,-6.63368e-08,-4.7306e-08,0,0.0005,0.133049,0.270186,-0.00901124,0.0104338,0.0121247,-3.72359e-05
322,1,-0.000545284,-8.94415e-05,0,-1.04348e-07,-5.86101e-08,0,0.00054,-0.110277,-0.122625,0.0232792,0.010556,0.0130708,-5.27218e-06
331,1,-0.00053158,-9.19597e-05,0,-7.97804e-08,-5.01404e-08,0,0.00052,0.347256,-0.0449278,0.00123907,0.0113138,0.0125201,-4.1589e-05
239,1,-0.000515941,-8.34373e-05,0,-6.52968e-08,-4.02546e-08,0,0.00052,-0.0553247,-0.184946,0.0398997,0.0120307,0.0119491,2.195e-05
377,1,-0.000534269,-6.93025e-05,0,-5.40029e-08,-1.32865e-08,0,0.00046,-0.429344,-0.499714,0.0180443,0.0125863,0.0127035,2.70269e-05
210,1,-0.000503439,-4.36344e-05,0,-6.72807e-08,-1.46147e-09,0,0.00056,0.408615,0.19315,0.0325364,0.0130609,0.0118735,-2.83946e-05
332,1,-0.000579294,-0.000103606,0,-1.13293e-07,-4.91914e-08,0,0.00052,0.127598,0.664603,0.054955,0.0119115,0.0132848,-4.69919e-05
328,1,-0.00052102,-4.90356e-05,0,-6.50895e-08,-5.06277e-10,0,0.00052,-0.143324,0.427361,0.0222855,0.0135002,0.0128108,2.96183e-05
293,1,-0.000501945,-3.53824e-05,0,-2.73014e-08,1.11264e-08,0,0.00044,-0.0452871,-0.161981,0.0216017,0.0140086,0.0121342,4.3363e-05
317,1,-0.000528053,-1.2733e-05,0,-7.00079e-08,4.61384e-08,0,0.00054,-0.400232,-0.550599,0.0707469,0.014494,0.0129679,-8.8818e-06
238,1,-0.000480734,-1.62519e-05,0,-1.67927e-08,4.88258e-08,0,0.00052,0.105244,0.0817688,0.0421219,0.0147775,0.0117194,2.84116e-05
262,1,-0.000516678,2.76143e-05,0,-2.90672e-08,7.00421e-08,0,0.0005,0.362028,0.651161,0.0139257,0.0153282,0.0125099,-3.24457e-07
303,1,-0.000528263,1.31713e-05,0,-1.50338e-08,4.40457e-08,0,0.00042,-0.287308,-0.869243,-0.0325154,0.016056,0.0121305,-2.60666e-05
292,1,-0.000528827,3.22119e-05,0,-1.82522e-08,5.90879e-08,0,0.00044,0.148278,-0.509031,-0.0249075,0.0161371,0.0129473,-2.9504e-05
233,1,-0.000538372,-1.38037e-05,0,-2.21509e-08,7.2505e-08,0,0.00052,-0.173955,0.541166,-0.0242788,0.0168803,0.0124989,1.74786e-05
250,1,-0.000535776,-4.12468e-05,0,-2.04139e-08,4.9552e-08,0,0.0005,-0.0653629,-0.428649,0.00142345,0.0174929,0.0118134,-2.60959e-05
320,1,-0.000570337,-4.82867e-05,0,-2.1698e-08,7.60021e-08,0,0.00054,-0.257941,-0.753844,0.0156385,0.0179672,0.0127222,2.61725e-05
275,1,-0.000532017,-3.65399e-05,0,-1.07859e-08,5.24572e-08,0,0.00048,0.105702,0.618831,0.0368094,0.0183595,0.0118352,3.55182e-05
242,1,-0.000522769,-2.08291e-05,0,-2.02519e-09,5.19781e-08,0,0.0005,0.545223,0.489801,0.00054103,0.0198814,0.0119355,1.14157e-05
357,1,-0.000565706,-3.98705e-05,0,1.21447e-08,7.47952e-08,0,0.0005,-1.32638,-0.331611,0.0481378,0.0197364,0.0129267,-1.09524e-05
251,1,-0.000551996,-2.93016e-05,0,-9.38326e-10,7.21756e-08,0,0.0005,-0.197293,-0.728696,0.023504,0.0190199,0.0123832,2.40728e-05
374,1,-0.000597242,-2.09106e-05,0,4.15841e-08,3.75956e-08,0,0.00048,-1.2424,-3.12484,0.0391124,0.000904291,0.0134636,1.18363e-05
395,1,-0.000611224,-1.47261e-06,0,6.70223e-08,3.60556e-08,0,0.00044,0.583431,0.205154,0.0204553,0.00112109,0.0142857,1.79808e-05
326,1,-0.000651595,-0.000106172,0,1.31855e-07,7.3883e-08,0,0.00054,-1.2016,0.251568,0.15327,0.000299784,0.0146122,-1.08387e-06
372,1,-0.000612909,-5.73613e-05,0,3.05703e-08,7.32613e-08,0,0.00048,2.19848,2.53904,-0.0043828,1.47944e-05,0.0137511,-2.28614e-05
325,1,-0.000603442,-1.35453e-06,0,8.62328e-08,1.81928e-09,0,0.00054,-3.26542,1.76553,0.118384,0.00183881,0.0137528,-1.68329e-05
394,1,-0.00071568,4.4827e-05,0,1.1357e-08,6.68785e-09,0,0.00044,6.28512,1.89671,0.194537,0.00208537,0.014597,-1.70971e-05
379,1,-0.000673952,0.000114476,0,6.56918e-08,-3.46379e-08,0,0.00046,-2.68611,-3.86522,0.0903246,0.00274818,0.01401,-3.30003e-06
324,1,-0.000624592,0.000182032,0,3.22686e-08,-4.49628e-08,0,0.00054,2.01103,1.35737,-0.336123,0.00295626,0.0149468,1.45032e-05
215,1,-0.000594667,0.000114453,0,3.89463e-08,-1.18873e-07,0,0.00054,3.19099,2.11018,0.135591,0.00347698,0.0134405,8.09002e-06
391,1,-0.000535763,0.000146503,0,-1.25409e-08,-6.46298e-08,0,0.00044,-3.53168,-1.00359,-0.419283,0.00370108,0.0143535,1.50053e-05
329,1,-0.000571012,4.89348e-05,0,4.04077e-09,-6.01925e-08,0,0.00052,0.277245,-1.12767,-0.312858,0.00441428,0.0136846,-3.08659e-05
305,1,-0.000482275,-4.68642e-05,0,-8.7744e-08,-5.62776e-08,0,0.00058,-0.547391,-0.472166,0.0223843,0.0046266,0.0147142,8.61202e-06
312,1,-0.000528073,-0.00012838,0,-3.74271e-08,-3.51635e-08,0,0.00056,0.0421557,0.99717,-0.102841,0.00537638,0.0139288,-3.80464e-05
373,1,-0.00053103,-0.000163655,0,-6.29087e-08,-1.74016e-08,0,0.00048,-0.299465,-1.42367,0.0877454,0.00591638,0.0146624,6.36771e-07
344,1,-0.000527652,-0.000104097,0,-6.06923e-08,-8.27981e-08,0,0.0005,-0.0918764,-0.995424,0.0034757,0.00636124,0.0137592,-4.54767e-05
333,1,-0.00055856,-0.000115728,0,-1.01727e-07,-4.21022e-08,0,0.00052,0.245463,1.23326,0.0493932,0.00686659,0.0145745,-3.38088e-05
342,1,-0.000530223,-9.83765e-05,0,-5.65157e-08,-5.69352e-08,0,0.0005,0.13375,0.78322,0.0213219,0.00727557,0.0134443,2.73575e-05
381,1,-0.000585649,-0.000117705,0,-7.47089e-08,-3.82267e-08,0,0.00046,0.266767,-1.21525,0.0229412,0.00775022,0.0148164,3.1619e-05
310,1,-0.000546825,-0.000100885,0,-1.02409e-07,-6.18843e-08,0,0.00056,0.329698,-0.372999,-0.0264148,0.00807805,0.0140015,-2.39016e-05
389,1,-0.000563972,-0.000122343,0,-5.00544e-08,-3.2226e-08,0,0.00044,0.198978,1.19508,0.090577,0.00867349,0.0146886,2.14614e-05
358,1,-0.000558031,-0.000114675,0,-8.77652e-08,-5.67606e-08,0,0.0005,-0.570795,-0.476823,-0.00709009,0.00924133,0.0140602,-4.48401e-05
364,1,-0.000602407,-9.95043e-05,0,-9.716e-08,-2.76738e-08,0,0.00048,-0.0488898,-0.243518,0.0450937,0.00984337,0.0147576,1.77529e-05
323,1,-0.000562615,-9.095e-05,0,-1.18229e-07,-5.15473e-08,0,0.00054,-0.0539019,0.4985,0.0231393,0.0101931,0.0139265,3.75063e-05
353,1,-0.000603209,-6.76e-05,0,-1.18416e-07,-2.59003e-08,0,0.0005,0.531555,0.230245,0.0263599,0.0107328,0.0147243,-3.31627e-05
330,1,-0.000586472,-9.26795e-05,0,-1.21514e-07,-4.21488e-08,0,0.00052,-0.33181,-0.502643,-0.0120947,0.0112031,0.0139004,2.49655e-05
306,1,-0.000621001,-0.000100337,0,-2.02542e-07,-7.87369e-08,0,0.00058,-0.112416,-0.164706,-0.0853137,0.0117474,0.0148422,-1.88293e-05
348,1,-0.000639275,-0.000142751,0,-1.29894e-07,-5.39563e-08,0,0.0005,0.285243,0.0176065,0.0902193,0.0123799,0.0141177,3.83299e-05
398,1,-0.000678327,-0.000265701,0,-9.90872e-08,-3.88542e-08,0,0.00042,0.251398,1.09104,-0.199633,0.0127956,0.014875,-1.60873e-07
376,1,-0.000561774,-7.94267e-05,0,-6.49065e-08,-1.30303e-08,0,0.00046,0.0659881,-0.41927,0.0845759,0.0129548,0.0135089,1.43924e-05
397,1,-0.00062931,-0.000169628,0,-8.18548e-08,-2.20759e-08,0,0.00042,-0.708869,-0.599639,0.393673,0.0133168,0.0143797,2.52958e-05
327,1,-0.000558146,-3.99815e-05,0,-1.07753e-07,1.0101e-08,0,0.00052,0.480111,0.528019,0.00969863,0.0138285,0.0137225,-3.62044e-05
366,1,-0.00061762,-8.74083e-06,0,-1.24533e-07,1.58898e-08,0,0.00048,-0.207172,0.252298,0.0402101,0.0141362,0.0146421,-1.15952e-07
380,1,-0.000569593,-7.10599e-07,0,-7.36576e-08,2.6607e-08,0,0.00046,0.257712,-0.417021,0.0704517,0.0146845,0.0139371,-4.96651e-05
335,1,-0.000533173,6.09224e-05,0,-5.56563e-08,8.57745e-08,0,0.00052,-0.233233,0.431604,0.0181165,0.0154274,0.0134683,-6.05535e-06
316,1,-0.000719758,0.000151477,0,-1.84084e-07,9.80092e-08,0,0.00054,0.262763,0.655067,0.4785,0.0154743,0.0144651,4.44824e-05
340,1,-0.000555407,5.70276e-05,0,-3.0779e-08,1.09687e-07,0,0.00052,-0.401561,-0.717435,-0.0612417,0.0163279,0.013843,4.05064e-05
367,1,-0.000742469,0.000155338,0,-1.08079e-07,1.25034e-07,0,0.00048,0.120046,-1.72118,0.5745,0.0164474,0.0147842,1.34032e-05
319,1,-0.000575884,-3.55913e-05,0,-3.34819e-08,7.18794e-08,0,0.00054,0.670556,0.563166,-0.0150143,0.0172494,0.0134551,-7.28073e-06
321,1,-0.000770605,-0.000105757,0,-1.35822e-07,4.01989e-08,0,0.00054,-0.647894,1.78231,0.354754,0.0173839,0.0144876,-2.36735e-05
399,1,-0.000613009,-4.49651e-05,0,-1.49088e-08,3.98875e-08,0,0.00042,-0.618208,-0.822459,-0.0653933,0.0180669,0.01388,-8.94147e-06
368,1,-0.000764649,-3.4605e-05,0,-4.82783e-08,7.01585e-08,0,0.00048,1.29735,2.5218,0.274175,0.0184697,0.014639,-4.70775e-05
311,1,-0.000600615,-3.9632e-05,0,-1.37058e-08,1.05371e-07,0,0.00056,0.186273,0.755987,0.0631213,0.0188296,0.0133666,2.21972e-05
388,1,-0.000664356,-1.82667e-05,0,-6.62602e-09,6.39914e-08,0,0.00044,-1.26987,-3.1078,-0.0329159,0.0192568,0.0142324,3.4178e-05
354,1,-0.000766819,4.59375e-05,0,6.95623e-08,1.16855e-07,0,0.0005,-0.582794,-2.05818,0.283252,0.00113516,0.0152045,4.43312e-05
347,1,0.000452196,0.000182795,0,0,0,0,0.0005,1.25621,-0.916601,0.283091,0.000969839,0.0162182,2.60965e-05
387,1,-0.000782904,-0.000158348,0,3.836e-08,2.91655e-08,0,0.00046,1.29878,1.919,0.0885227,0.00025663,0.0154634,7.7282e-06
352,1,0.000844089,-2.40177e-05,0,5.23598e-07,-6.86624e-09,0,0.0005,-0.76426,-72.8043,0.740371,0.00216148,0.0163131,-2.63927e-05
341,1,-0.000758285,8.11166e-05,0,9.98287e-08,2.6804e-08,0,0.0005,-6.46885,0.634036,-0.118118,0.00206067,0.0154321,2.36495e-05
365,1,0.00121015,0.00188931,0,7.02097e-07,9.2117e-07,0,0.00048,-144.464,111.659,-3.74612,0.00307701,0.0160891,1.78253e-05
393,1,0.000113677,-4.27671e-05,0,3.83724e-08,6.04892e-09,0,0.00044,-0.0874439,3.03304,-0.939278,0.00406197,0.0163632,1.42827e-05
309,1,-0.000395592,-1.08785e-06,0,4.88608e-09,2.56399e-08,0,0.00056,0.738422,0.349134,-0.246271,0.00386819,0.0154706,1.14277e-05
313,1,8.99477e-05,5.0372e-05,0,3.43825e-08,-1.59347e-09,0,0.00056,0.0346677,-2.29015,-0.745247,0.00500242,0.0162228,1.04172e-05
362,1,-0.000433865,-0.00015884,0,-2.80234e-08,-1.84817e-08,0,0.00048,0.870574,0.720055,-0.322645,0.00542053,0.0153747,3.47044e-05
308,1,8.74861e-06,6.26781e-06,0,-9.27772e-09,-1.12021e-08,0,0.00056,0.0314285,2.21189,-0.964323,0.00608457,0.0162296,-4.47667e-06
383,1,-0.00054741,-0.000141942,0,-4.29948e-08,-1.75351e-08,0,0.00046,-0.877313,-0.362053,-0.0432511,0.00637039,0.015357,-1.23126e-05
370,1,-3.11781e-05,-1.64776e-05,0,-3.37814e-08,-1.10943e-08,0,0.00048,-0.0112425,-2.69494,-1.25938,0.00710735,0.0163375,3.22872e-05
355,1,-0.000570076,-0.000119298,0,-6.35847e-08,-3.66104e-08,0,0.0005,0.374779,0.276305,0.00249425,0.00723671,0.0154798,1.65265e-05
339,1,-5.59685e-05,1.29203e-05,0,-7.24035e-08,-2.63597e-08,0,0.00052,-0.0300212,2.40352,-1.23908,0.0080589,0.0162971,-3.75421e-05
356,1,-0.000603075,-0.000142734,0,-9.83057e-08,-5.01409e-08,0,0.0005,-0.880509,0.377152,-0.0326117,0.00834025,0.0154497,-2.57249e-06
314,1,-4.59279e-05,3.08386e-06,0,-7.60433e-08,-3.55926e-09,0,0.00056,-0.00405318,-2.15843,-1.10476,0.00909431,0.0162665,-2.29225e-05
351,1,-0.000627779,-0.000114314,0,-1.14293e-07,-2.69251e-08,0,0.0005,0.518649,-0.298734,0.0261293,0.0092621,0.0153544,5.22691e-06
346,1,-6.66105e-05,2.30648e-05,0,-6.78963e-08,-7.55423e-09,0,0.0005,-0.0177718,2.36779,-1.27558,0.0100882,0.016292,-1.93448e-05
390,1,-0.000623969,-8.97737e-05,0,-7.63339e-08,-1.43816e-08,0,0.00044,-0.451612,-0.607233,0.00584614,0.0102755,0.015491,1.07715e-05
385,1,-2.64216e-05,-5.29862e-05,0,-4.98658e-08,-1.02025e-08,0,0.00046,0.0437089,-1.60597,-1.37693,0.0111383,0.0163487,-1.71876e-05
382,1,-0.000614614,-5.96329e-05,0,-8.97116e-08,-2.1161e-08,0,0.00046,-0.158409,0.555899,0.00872968,0.0110941,0.0155319,-3.46021e-05
343,1,5.46291e-05,5.84009e-05,0,-6.42963e-08,-4.36365e-09,0,0.0005,-0.0185271,1.43754,-0.99815,0.0120534,0.0162986,2.63946e-05
345,1,-0.00043171,1.84139e-05,0,-1.96521e-07,-1.75396e-09,0,0.0005,0.0480181,-0.624649,-1.87185,0.0131064,0.0162448,8.05502e-06
384,1,-0.000472859,-0.000204036,0,-1.10037e-07,-4.00005e-08,0,0.00046,-0.518043,-0.494993,-0.360836,0.0124503,0.0155553,-1.66336e-06
349,1,-0.000883361,-0.000177362,0,-2.3832e-07,-3.06504e-08,0,0.0005,0.448532,-0.476277,0.662317,0.0135368,0.0153772,-2.79437e-05
375,1,-0.000403054,-2.11651e-05,0,-1.87736e-07,6.27753e-09,0,0.00048,-0.730745,0.647653,1.88876,0.0140768,0.0162439,-3.82493e-05
334,1,-0.000826029,0.000159535,0,-2.48952e-07,5.78311e-08,0,0.00052,-0.620275,-1.2979,0.563714,0.014701,0.01541,-3.81553e-05
378,1,-0.000368139,2.72337e-06,0,-1.63108e-07,1.52566e-08,0,0.00046,-0.0156178,-0.70819,-1.9646,0.015002,0.0162942,4.44583e-05
350,1,-2.62475e-05,-6.06468e-05,0,-6.64935e-08,3.79785e-09,0,0.0005,0.000495989,-0.770067,-1.16943,0.0161221,0.0162955,4.44816e-05
318,1,-0.000782848,0.000201976,0,-2.66158e-07,9.52583e-08,0,0.00054,0.230371,1.23193,-0.482424,0.0157292,0.0154358,1.57621e-06
386,1,0.00041898,-0.000657059,0,0,0,0,0.00046,-0.707043,-0.215084,-0.307356,0.0168977,0.0156701,2.61205e-05
361,1,-4.04178e-05,-4.57463e-06,0,3.57167e-08,1.95546e-08,0,0.0005,0.233554,-3.75467,-1.20091,0.0177846,0.0162896,-3.79876e-05
337,1,-0.000853042,-6.7222e-05,0,-1.27632e-07,3.83722e-08,0,0.00052,0.0367209,-3.44701,-0.221253,0.0178579,0.0153606,1.1381e-06
336,1,-8.05304e-05,2.97592e-05,0,4.29655e-08,3.47293e-08,0,0.00052,0.271235,3.64269,1.26682,0.0187913,0.0162043,4.63278e-05
307,1,-0.000141722,5.42368e-05,0,1.28748e-08,6.57822e-09,0,0.00058,-0.0398244,-3.33229,-1.28809,0.0198811,0.0162605,-3.93501e-06
315,1,-0.000775712,-4.93347e-05,0,1.50359e-08,1.08452e-07,0,0.00056,0.76277,-1.00242,-0.187306,0.0193114,0.0152033,-1.20233e-05
