"id","type","v:0","v:1","v:2","f:0","f:1","f:2","radius","omega:0","omega:1","omega:2","Points:0","Points:1","Points:2"
45,1,0.000221157,-8.53471e-06,0,1.81423e-07,-2.19128e-08,0,0.0005,-0.0396854,0.247008,-0.476599,0.00140527,0.000447661,-4.97566e-05
57,1,0.000445794,1.37355e-05,0,3.5054e-07,1.23746e-08,0,0.0005,0.0759408,-0.103546,-0.00799687,0.0013049,0.00136789,3.21045e-05
72,1,0.000218023,-1.16377e-05,0,1.68631e-07,-2.64114e-09,0,0.00048,0.030954,-0.18995,-0.52102,0.000474794,0.000389587,1.69816e-05
15,1,0.00045253,2.43592e-05,0,4.70093e-07,1.72142e-08,0,0.00054,-0.0590899,0.138127,-0.0194395,0.000304861,0.00127059,1.95463e-05
83,1,0.000417598,7.96821e-05,0,2.39868e-07,1.39495e-07,0,0.00046,0.093621,0.0967769,0.163703,0.00222648,0.001342,-1.5404e-05
48,1,0.000237414,2.59968e-05,0,2.35846e-07,8.81312e-08,0,0.0005,-0.0246618,-0.241919,-0.520237,0.00235444,0.0004456,1.99029e-05
39,1,0.000388157,3.54922e-05,0,2.68447e-07,2.1563e-08,0,0.0005,0.460635,-0.107346,-0.239484,0.00314907,0.0013369,6.72355e-06
19,1,0.000142282,-1.84689e-05,0,-8.11163e-08,-4.35882e-08,0,0.00054,0.00747543,-1.26832,-0.299801,0.00343374,0.000452871,-6.70462e-06
90,1,0.000370159,9.43612e-05,0,1.76301e-07,-2.91574e-07,0,0.00044,-4.16352,0.42557,0.295296,0.00399947,0.00126814,3.54547e-05
41,1,0.000358185,5.52073e-05,0,1.68299e-07,1.67352e-08,0,0.0005,0.235993,-1.36084,-0.0275219,0.00481596,0.00150643,-3.72737e-05
4,1,0.000159591,1.90025e-05,0,2.5955e-07,3.81716e-08,0,0.00058,0.0396161,-1.52848,-0.278736,0.00492357,0.000517612,-1.32742e-05
89,1,0.000320488,0.000108763,0,1.69035e-07,4.91326e-08,0,0.00044,-0.938552,1.64068,0.132656,0.00569876,0.00145863,-1.5437e-06
27,1,0.000259949,7.91859e-05,0,3.89023e-07,-1.97178e-07,0,0.00052,0.777065,-1.41284,-0.203007,0.00659297,0.00135203,3.7231e-06
29,1,0.000195014,1.21742e-05,0,1.82545e-07,-9.02305e-08,0,0.00052,-0.105645,1.72191,0.244979,0.00600172,0.000505638,-1.24497e-05
75,1,0.000199756,0.000135203,0,2.23217e-07,-2.48189e-08,0,0.00046,0.539528,-1.80248,0.0142883,0.0069647,0.000461021,-3.73089e-05
28,1,0.000230861,2.05336e-06,0,5.47908e-07,-3.76123e-08,0,0.00052,-1.04561,1.61484,0.0177508,0.00756131,0.00124507,-2.96738e-05
54,1,0.000156495,-1.09159e-05,0,3.43618e-07,1.29882e-07,0,0.0005,-0.0813442,1.49487,-0.340966,0.00789865,0.000414984,3.04549e-05
34,1,0.000262564,1.10822e-05,0,4.67047e-07,1.21439e-07,0,0.00052,1.18126,-1.82267,-0.0527028,0.0085528,0.00127048,-1.66342e-05
46,1,9.45619e-05,-2.34241e-05,0,3.18055e-07,-2.48068e-08,0,0.0005,-0.0587506,-1.44474,-0.148814,0.0088475,0.000397397,4.04467e-05
68,1,0.000199769,-8.34617e-05,0,3.75908e-07,1.24817e-07,0,0.00048,0.293025,1.64349,-0.10656,0.00948839,0.00105322,-2.23732e-05
66,1,0.000309733,-0.000108189,0,1.08832e-06,-1.16306e-06,0,0.00048,0.294905,-1.19436,-0.00778056,0.0102928,0.0015465,4.63423e-05
42,1,0.000266626,-3.07523e-06,0,3.11386e-07,9.02663e-08,0,0.0005,3.83149,-4.7619,0.490326,0.0102105,0.00049472,5.09221e-06
80,1,0.000501147,-7.66041e-05,0,2.41509e-07,-6.59207e-08,0,0.00046,0.738929,-0.0703666,0.199171,0.0112033,0.00123654,1.80717e-05
74,1,0.000258659,-1.50304e-05,0,1.43958e-07,-4.44022e-08,0,0.00046,-0.0645423,4.74158,-0.624098,0.0110982,0.000393514,-1.20537e-05
52,1,0.000475474,-3.42147e-05,0,2.86158e-07,-3.09938e-08,0,0.0005,-0.140034,0.129976,-0.0448048,0.0121176,0.00129928,3.91278e-05
60,1,0.000298707,-4.11537e-06,0,1.64611e-07,-9.46998e-09,0,0.00048,-0.110155,-4.45699,-0.693162,0.0120348,0.000411547,-3.28708e-05
6,1,0.000370832,1.42685e-05,0,2.55195e-07,1.23161e-08,0,0.00056,0.0103519,-1.21777,-0.758932,0.0131413,0.000436962,3.75182e-05
91,1,0.000602984,-1.17889e-05,0,1.98186e-07,2.98829e-09,0,0.00044,-0.604383,-0.68332,0.374046,0.0133392,0.00124524,3.24564e-05
16,1,0.000403856,2.00017e-05,0,2.6635e-07,4.98807e-08,0,0.00054,0.0381942,1.14849,-0.385543,0.0141766,0.000506019,-2.76781e-05
78,1,0.000429164,0.000100932,0,1.70546e-07,3.17911e-08,0,0.00046,-0.125062,-0.164552,0.00386142,0.0149106,0.00149783,2.18197e-05
59,1,0.00042859,-6.30499e-06,0,1.9911e-07,-1.13138e-08,0,0.00048,-0.8153,-1.24644,0.349806,0.0151453,0.000464749,-3.96086e-06
3,1,0.000363738,7.73105e-05,0,2.99561e-07,9.30275e-08,0,0.00058,-0.0936878,0.155622,-0.0843548,0.0158305,0.00120948,-1.82355e-06
67,1,0.000168183,2.21501e-05,0,5.12357e-08,1.53054e-08,0,0.00048,-0.00418058,0.00214166,-0.359349,0.016362,0.000366121,1.3181e-05
71,1,0.00034318,6.32076e-06,0,1.65749e-07,-3.04272e-08,0,0.00048,-0.0691238,-0.142605,-0.0406279,0.0167814,0.00109501,-2.02466e-06
26,1,0.000394655,-3.27654e-05,0,3.72059e-07,-5.02147e-08,0,0.00052,0.0205625,0.0816809,-0.0420693,0.0175729,0.00154919,-4.92787e-05
10,1,0.000192145,-6.21321e-05,0,5.25837e-08,-8.12068e-08,0,0.00056,0.00293481,0.156963,-0.312582,0.0175102,0.000512085,-2.65834e-05
53,1,0.000217012,1.26872e-05,0,1.25193e-07,2.45757e-08,0,0.0005,-0.00540215,-0.205483,-0.504053,0.0184803,0.000406296,-4.85386e-05
33,1,0.000448437,-2.06557e-05,0,3.57872e-07,-2.40649e-08,0,0.00052,-0.0118036,0.0622893,0.00541961,0.018627,0.00132341,-4.32784e-06
14,1,0.000218275,-8.76584e-07,0,2.25812e-07,3.17994e-08,0,0.00054,0.0304871,0.177813,0.440556,0.0194866,0.000527466,-7.12572e-06
36,1,0.000447503,1.51557e-05,0,3.87515e-07,1.66351e-08,0,0.00052,0.0812594,-0.209281,0.0204485,0.000759544,0.00213583,-6.697e-06
21,1,0.000425446,1.46063e-05,0,4.09153e-07,1.72035e-08,0,0.00054,-0.0869558,-0.0600959,0.0204309,0.000911416,0.00308801,-1.41959e-06
2,1,0.000442569,3.22572e-05,0,5.50737e-07,1.3528e-08,0,0.00058,-0.108242,0.254394,0.0215645,0.0017615,0.00238542,1.88296e-05
50,1,0.000461183,6.45686e-05,0,4.47775e-07,1.25685e-07,0,0.0005,-0.268615,-0.203339,0.07837,0.00271095,0.00210181,-4.9345e-05
86,1,0.000410945,5.53297e-05,0,2.14066e-07,6.00648e-08,0,0.00044,0.419688,-0.365276,0.0286104,0.00258104,0.00294595,-2.11247e-06
8,1,0.000409095,9.26079e-05,0,4.21547e-07,2.75661e-07,0,0.00056,0.277002,0.192999,0.0379016,0.00350967,0.00274511,2.40593e-05
81,1,0.000369055,5.79031e-05,0,1.8074e-07,7.48009e-08,0,0.00046,1.16805,-1.04441,-0.16015,0.00437209,0.00230812,1.72248e-05
88,1,0.000363764,7.00925e-05,0,1.66721e-07,6.3199e-08,0,0.00044,0.11882,0.101099,-0.0870479,0.00509129,0.00308728,-4.19173e-06
69,1,0.000345637,7.22989e-05,0,1.71143e-07,3.83696e-08,0,0.00048,-0.433413,1.0265,0.0162977,0.00528897,0.00225642,3.70504e-05
7,1,0.000336724,8.20986e-05,0,4.08831e-07,-7.17219e-08,0,0.00056,-0.154379,-0.900493,-0.00146846,0.00625418,0.0023479,3.74342e-05
25,1,0.000379045,4.05194e-05,0,2.22562e-07,-1.71201e-08,0,0.00052,-0.557037,0.0296346,-0.0354127,0.00699357,0.00305182,-4.25165e-05
22,1,0.000347861,3.25841e-05,0,2.53166e-07,-1.54395e-07,0,0.00054,0.171848,1.27331,-0.116277,0.00732934,0.00217048,1.87838e-05
58,1,0.000381281,2.26476e-05,0,1.66524e-07,-3.03211e-09,0,0.0005,0.762015,-0.105261,-0.0125946,0.00797136,0.00296598,-3.26099e-05
65,1,0.000340436,1.84087e-05,0,2.59747e-07,9.68707e-08,0,0.00048,-0.180432,-1.70234,-0.0763231,0.00830974,0.00213969,-2.11042e-05
13,1,0.000380636,-3.48906e-05,0,2.46441e-07,6.2849e-08,0,0.00054,0.352799,0.0751056,-0.0634834,0.00895779,0.00294037,-2.03403e-05
24,1,0.000359583,-4.12306e-05,0,3.18513e-07,2.14419e-07,0,0.00052,-1.19841,2.11899,-0.118018,0.00926173,0.00196824,2.94528e-05
73,1,0.00072703,-0.00049487,0,-5.37192e-08,3.30047e-07,0,0.00046,-57.0194,-47.1302,0.699223,0.00998232,0.00251335,6.56493e-06
1,1,0.000396319,-8.85351e-05,0,3.33601e-07,-1.05289e-07,0,0.00058,0.97455,-1.08153,0.0632658,0.0107068,0.00315093,1.15215e-05
20,1,0.000416168,-9.65369e-05,0,2.38584e-07,-1.25473e-07,0,0.00054,-0.771,0.564068,-0.044784,0.0110763,0.00217377,-2.66714e-05
35,1,0.000416262,-5.70595e-05,0,2.37573e-07,-6.13246e-08,0,0.00052,-0.100057,0.970493,-0.0198953,0.0116935,0.00304221,2.4953e-06
47,1,0.000445949,-5.74645e-05,0,2.0526e-07,-4.21894e-08,0,0.0005,0.0352987,-0.621184,0.0615269,0.0120602,0.00221492,4.33922e-05
93,1,0.000423626,-3.2123e-05,0,1.33229e-07,-1.15711e-08,0,0.00042,-0.487377,0.121698,0.00724395,0.0126777,0.00286311,4.12499e-05
32,1,0.000474664,-3.21971e-05,0,2.59522e-07,2.46644e-09,0,0.00052,0.691066,0.307564,-0.0112566,0.0128925,0.00190752,-4.71808e-05
23,1,0.000449549,1.09481e-05,0,2.98935e-07,-3.8035e-09,0,0.00054,-0.27054,0.127142,0.113262,0.0135244,0.00255654,3.27854e-05
38,1,0.00047864,8.64984e-05,0,2.46143e-07,3.2145e-08,0,0.0005,0.0225054,0.21796,0.00728178,0.0140626,0.00174276,2.40231e-05
63,1,0.000412349,3.35555e-05,0,1.83753e-07,1.90051e-08,0,0.00048,0.168432,-0.257607,0.00026356,0.0142179,0.00312542,-2.48084e-05
44,1,0.00042446,6.13371e-05,0,2.1042e-07,2.71744e-08,0,0.0005,0.140808,-0.104731,0.0401917,0.0148059,0.00244072,-4.01526e-05
51,1,0.000420381,3.1275e-05,0,2.42919e-07,1.67992e-08,0,0.0005,-0.0957305,-0.0155561,0.0249595,0.015622,0.00313537,-3.11061e-05
55,1,0.000419145,6.24873e-05,0,2.23572e-07,3.50381e-08,0,0.0005,0.0858801,0.0442988,-0.0328601,0.0156995,0.00220723,-4.78087e-05
84,1,0.000420145,8.61523e-06,0,1.81798e-07,3.73896e-09,0,0.00044,-0.0914296,-0.0384348,0.00204009,0.0165117,0.00285947,2.35941e-05
31,1,0.000396984,1.26856e-05,0,2.90128e-07,-4.27895e-09,0,0.00052,0.0958954,-0.0905269,-0.0612771,0.0166217,0.00195733,3.24568e-05
17,1,0.000420043,-1.2882e-05,0,3.50291e-07,-1.55698e-08,0,0.00054,-0.0575554,0.068202,-0.0168476,0.0173961,0.00256007,2.08022e-05
70,1,0.000422613,-2.32431e-05,0,2.67684e-07,-5.86615e-09,0,0.00048,0.000259485,-0.0437439,0.0223529,0.0182581,0.00216159,-1.31875e-05
5,1,0.000421845,-1.10388e-05,0,4.0934e-07,-2.83735e-08,0,0.00056,0.0038686,-0.0502843,0.00189981,0.0182329,0.00318327,4.11056e-07
79,1,0.000421985,-8.3442e-06,0,2.41698e-07,-1.69699e-08,0,0.00046,0.0442877,0.0519345,0.00186996,0.0189823,0.00261249,-2.13541e-05
11,1,0.000441852,5.68069e-06,0,4.8122e-07,-3.58625e-08,0,0.00056,-0.0249301,-0.0717877,0.046292,0.0194959,0.0018429,7.17441e-06
49,1,0.000428453,8.53791e-06,0,3.25236e-07,-3.15999e-09,0,0.0005,0.0373195,0.0672933,-0.00492385,0.0199771,0.00274342,4.93031e-05
149,1,0.000425422,1.34896e-05,0,2.91159e-07,2.73852e-08,0,0.0005,-0.014765,-0.0530942,-0.00359448,0.00147206,0.00489955,-4.39636e-05
37,1,0.000413476,1.98754e-05,0,3.51212e-07,2.10327e-08,0,0.00052,-0.00721457,-0.11202,-0.00198625,0.00124942,0.00401691,4.93343e-05
167,1,0.000422294,1.16641e-05,0,2.60798e-07,8.99531e-09,0,0.00048,0.011001,0.0859313,0.000778015,0.000563656,0.00465604,4.50596e-05
61,1,0.000420294,7.44266e-06,0,2.70652e-07,-1.78897e-10,0,0.00048,0.0488185,0.0829606,-0.000994041,0.00028509,0.00378582,4.42332e-05
64,1,0.000414977,3.32645e-05,0,2.78878e-07,1.8935e-08,0,0.00048,0.123619,0.0429291,0.019642,0.00185916,0.00336176,-3.46654e-05
76,1,0.000416653,2.0299e-05,0,2.3568e-07,3.25005e-08,0,0.00046,-0.0430773,0.121453,-0.0210594,0.00217483,0.00420185,-2.06407e-05
87,1,0.000666193,-7.26795e-05,0,-6.0246e-09,1.65063e-07,0,0.00044,4.71133,10.5148,-0.414611,0.00295414,0.00366517,1.77683e-05
193,1,0.000460096,1.09419e-05,0,1.6895e-07,9.23734e-08,0,0.00044,-0.538411,0.255441,0.139527,0.00323844,0.00442215,-3.72271e-05
85,1,0.000441262,7.09475e-05,0,1.73144e-07,7.86373e-08,0,0.00044,0.0901277,-0.199115,-0.0233067,0.00407892,0.00439818,1.35023e-05
30,1,0.000406193,8.77674e-05,0,2.83643e-07,1.71798e-07,0,0.00052,-0.0810067,0.0159603,-0.0267969,0.00422889,0.00349271,4.55657e-05
95,1,0.000439061,6.17192e-05,0,3.67445e-07,1.45874e-07,0,0.00058,0.026083,0.157589,-0.00446689,0.00497394,0.00481027,1.0814e-05
94,1,0.000418208,6.44053e-05,0,1.35965e-07,6.03593e-08,0,0.00042,-0.0787924,-0.150789,-0.0454932,0.00505403,0.0038778,4.70582e-05
82,1,0.000419247,5.60789e-05,0,1.79714e-07,4.55253e-08,0,0.00046,-0.345331,-0.060212,-0.0379817,0.00577971,0.00434311,3.14585e-06
9,1,0.000387073,6.27713e-05,0,2.95552e-07,4.22868e-08,0,0.00056,0.318181,0.0346736,-0.0116648,0.00601581,0.00340542,-3.93388e-05
159,1,0.000420709,4.1877e-05,0,1.98721e-07,1.52369e-08,0,0.00048,-0.417613,-0.217125,-0.0253456,0.00657671,0.00463347,2.716e-05
194,1,0.000403369,4.47125e-05,0,1.45243e-07,1.86338e-09,0,0.00044,0.460576,0.512557,0.00389263,0.00686092,0.00389413,-1.25794e-06
131,1,0.000423398,1.9843e-05,0,2.3231e-07,3.72522e-09,0,0.00052,0.350041,0.159322,-0.0200493,0.00752111,0.00457107,4.40858e-05
92,1,0.000391254,2.21124e-05,0,1.22857e-07,4.51224e-10,0,0.00042,-0.418193,-0.54949,-0.0748957,0.00762851,0.0037121,3.96798e-05
135,1,0.000405691,-2.13682e-05,0,1.93601e-07,3.4844e-10,0,0.0005,-0.297729,0.0913302,0.0024302,0.00849351,0.00383749,-7.07934e-06
115,1,0.000425046,-9.7222e-06,0,2.63317e-07,-2.43028e-08,0,0.00054,0.231217,0.123461,-0.0333705,0.00851975,0.00484358,3.45424e-05
105,1,0.000407792,-4.027e-05,0,2.89808e-07,-5.68504e-08,0,0.00056,-0.468962,-0.0493799,-0.0319879,0.00941713,0.00433556,2.286e-05
182,1,0.000386825,-6.20345e-05,0,1.48692e-07,-1.97665e-08,0,0.00046,0.725999,0.554684,2.67311e-05,0.00976938,0.00341977,-3.43082e-05
99,1,0.000391571,-7.88662e-05,0,2.87837e-07,-8.77026e-08,0,0.00056,-0.536886,0.0716647,-0.044091,0.0104623,0.00413723,1.9512e-05
171,1,0.000424653,-3.96011e-05,0,1.94882e-07,-4.309e-08,0,0.00048,0.0369588,0.321636,0.0628973,0.0112133,0.00488078,-2.43024e-05
160,1,0.000393445,-5.85672e-05,0,1.72364e-07,-4.53153e-08,0,0.00048,-0.184299,0.0444149,0.0974975,0.0114234,0.00395386,5.32063e-06
157,1,0.000395526,-3.52063e-05,0,2.05234e-07,-4.12669e-08,0,0.0005,-0.204576,-0.336187,-0.0700681,0.0121306,0.00457865,1.35755e-05
56,1,0.000403851,-3.0311e-05,0,1.85553e-07,-2.99645e-08,0,0.0005,0.519961,-0.420181,0.058643,0.0124084,0.00367881,-2.12721e-05
125,1,0.0004108,-1.07836e-06,0,2.24889e-07,-1.68578e-08,0,0.00052,-0.400051,0.395946,-0.0343987,0.0131044,0.00435107,9.36883e-06
40,1,0.000398565,4.07678e-06,0,2.17935e-07,-2.99879e-09,0,0.0005,0.281858,0.10888,0.0202941,0.0133582,0.00347242,-2.89305e-05
190,1,0.000421883,6.45818e-07,0,1.57112e-07,-4.67644e-09,0,0.00044,0.336537,-0.388386,0.00364695,0.0138829,0.00489271,2.78794e-05
165,1,0.000412084,1.25751e-05,0,2.06676e-07,7.42972e-09,0,0.00048,-0.19014,-0.0302133,0.00112893,0.0140625,0.0040585,4.76559e-05
62,1,0.000419367,2.12068e-05,0,2.04669e-07,7.91391e-09,0,0.00048,-0.174817,0.215219,-0.00995889,0.014886,0.00364529,4.14547e-05
185,1,0.000422114,1.33133e-05,0,2.02052e-07,2.3331e-09,0,0.00046,0.167697,0.018277,-0.00179347,0.0148728,0.00449002,-3.17454e-05
173,1,0.000425733,1.18697e-05,0,2.307e-07,8.90233e-10,0,0.00048,-0.206066,-0.0831542,-0.00285454,0.0155805,0.00499676,4.476e-05
192,1,0.000424325,1.14737e-05,0,1.71502e-07,1.48054e-09,0,0.00044,0.217119,-0.189584,0.00605536,0.0156253,0.00410187,3.50109e-05
77,1,0.000424174,1.19637e-05,0,2.01661e-07,1.16866e-09,0,0.00046,0.0918187,-0.0112017,-0.0299858,0.0163477,0.00366824,2.15234e-05
101,1,0.000428246,7.36432e-06,0,3.72266e-07,-1.46147e-09,0,0.00056,-0.0521873,0.165543,-0.000998429,0.0164724,0.00458553,-2.13321e-05
18,1,0.000424597,-4.78567e-06,0,3.45155e-07,-6.35091e-09,0,0.00054,0.0560622,0.0090588,-0.00706115,0.0172643,0.00354938,-3.02218e-05
172,1,0.000428124,6.71131e-07,0,2.44658e-07,-6.62657e-09,0,0.00048,-0.105014,-0.162748,-0.00525601,0.0174886,0.00448923,-1.72291e-05
162,1,0.000427051,-5.01476e-06,0,2.48577e-07,-1.14611e-08,0,0.00048,0.0216255,0.187218,-0.00687786,0.0183407,0.00410966,3.07542e-05
168,1,0.000425519,2.56493e-06,0,2.54217e-07,-1.16233e-08,0,0.00048,0.109714,0.0146279,0.00532423,0.0188411,0.00480256,-5.06646e-06
12,1,0.000421075,1.08342e-06,0,4.37068e-07,-2.92369e-08,0,0.00056,-0.0409735,-0.0205351,0.0120213,0.0192907,0.0035,5.14548e-06
43,1,0.000423616,6.90667e-06,0,2.93399e-07,-6.8899e-09,0,0.0005,-0.00279651,-0.0867825,-0.00337139,0.0196402,0.00441092,-3.67063e-05
148,1,0.000428612,1.05567e-05,0,2.80817e-07,1.38565e-08,0,0.0005,0.0395097,0.0250622,-0.00345947,0.000836739,0.00556372,3.81834e-05
106,1,0.000435873,9.66766e-06,0,3.68326e-07,3.02587e-08,0,0.00056,-0.0232677,0.0425773,-0.00826076,0.00106489,0.00653138,-2.02095e-05
170,1,0.000433987,9.08838e-06,0,2.46858e-07,1.00737e-08,0,0.00048,0.00904013,-0.0757359,-0.000135359,0.000132347,0.00612927,-4.71426e-05
137,1,0.000428723,1.18091e-05,0,2.75155e-07,4.10184e-08,0,0.0005,-0.0261542,0.00447407,-1.64112e-05,0.00176905,0.00580099,-4.83823e-05
143,1,0.00043827,1.17497e-05,0,2.53295e-07,5.58044e-08,0,0.0005,0.08257,0.149125,-0.00359143,0.0022017,0.00664006,3.12852e-05
147,1,0.000426069,1.64056e-05,0,2.89022e-07,5.9365e-08,0,0.0005,0.061569,0.0361615,0.00587065,0.00240106,0.00508389,-2.4127e-05
196,1,0.000428081,1.49588e-05,0,1.59885e-07,4.19335e-08,0,0.00042,-0.158516,-0.165726,-0.0151138,0.00266061,0.00590894,3.21564e-05
132,1,0.000437197,1.46199e-05,0,2.85674e-07,9.84744e-08,0,0.00052,-0.0860242,-0.16244,0.0061387,0.00315533,0.00666349,7.74856e-06
139,1,0.000423687,1.95115e-05,0,2.78289e-07,1.08615e-07,0,0.0005,0.388569,0.051366,-0.00140115,0.00329466,0.0052956,-7.56683e-06
142,1,0.000435239,2.61906e-05,0,2.58318e-07,1.0978e-07,0,0.0005,-0.0551624,0.342949,0.000302476,0.00384801,0.00606756,2.89194e-05
177,1,0.000432811,4.53384e-05,0,2.00486e-07,9.03056e-08,0,0.00046,-0.101068,-0.0994426,0.0459255,0.00416305,0.00525565,-4.51984e-05
121,1,0.000438731,4.2015e-05,0,2.82611e-07,1.08338e-07,0,0.00052,-0.0329765,-0.0493567,0.0160867,0.00487924,0.00587629,6.87793e-06
195,1,0.000442045,5.57437e-05,0,1.58232e-07,3.07632e-08,0,0.00044,0.1866,-0.00356204,-0.00396922,0.00571828,0.00548552,-2.73404e-05
179,1,0.00044396,3.1502e-05,0,1.73335e-07,1.72102e-08,0,0.00046,-0.173283,-0.240875,0.0239972,0.00617006,0.00633149,3.81307e-05
103,1,0.000445337,3.39391e-05,0,2.94464e-07,1.5578e-08,0,0.00056,0.267834,0.0287311,-0.0251101,0.00667938,0.00555681,1.00341e-06
110,1,0.000455286,2.06438e-05,0,2.70366e-07,5.06285e-10,0,0.00054,0.0467964,0.32528,-0.0156863,0.00724748,0.00642001,-4.65545e-05
102,1,0.000443231,1.08724e-05,0,2.99491e-07,-9.00716e-09,0,0.00056,-0.285231,0.00453923,-0.027734,0.00776537,0.00554931,-2.06108e-05
153,1,0.00045673,-5.1032e-06,0,2.20364e-07,-1.49229e-08,0,0.0005,0.417664,-0.239495,-0.00156777,0.00821679,0.00657642,3.54227e-05
180,1,0.000449717,-7.92509e-06,0,1.65266e-07,-1.95019e-08,0,0.00046,-0.239079,-0.209301,-0.0227269,0.00869587,0.00579311,1.27382e-05
107,1,0.000460671,-1.21708e-05,0,2.71598e-07,-4.19729e-08,0,0.00054,0.167964,0.210261,-0.0142805,0.00922411,0.00658739,1.90715e-05
197,1,0.000436894,-2.9218e-05,0,1.23733e-07,-2.29009e-08,0,0.00042,0.509373,0.138284,-0.0328645,0.00934707,0.00528964,1.2658e-05
145,1,0.000452032,-3.40444e-05,0,2.195e-07,-4.76245e-08,0,0.0005,-0.409401,-0.0887487,-0.0131079,0.00992266,0.00596258,-3.07296e-05
117,1,0.000430969,-5.28881e-05,0,2.56065e-07,-7.44705e-08,0,0.00054,0.543264,-0.313853,-0.0361236,0.0102318,0.00508351,-5.37633e-06
114,1,0.000440564,-3.82412e-05,0,2.59817e-07,-7.16862e-08,0,0.00054,-0.526801,0.214372,0.034365,0.0109261,0.00585551,-4.55597e-05
158,1,0.000428586,-1.2526e-05,0,1.73961e-07,-2.70581e-08,0,0.00048,0.0895114,-0.618279,-0.0373519,0.0116463,0.00649296,4.23607e-05
96,1,0.00043166,-1.63342e-05,0,3.33363e-07,-4.87878e-08,0,0.00058,0.194588,-0.132333,-0.00209436,0.0119947,0.00558783,-1.47472e-05
98,1,0.000439287,-1.91441e-06,0,3.46003e-07,-2.57823e-08,0,0.00058,-0.289531,0.173954,-0.0210935,0.0128966,0.00634222,-5.04024e-06
109,1,0.00042706,-1.43198e-06,0,2.86444e-07,-1.53692e-08,0,0.00054,0.320447,0.00836854,0.00849149,0.0130153,0.00530052,-2.57589e-05
151,1,0.000429462,2.09738e-06,0,2.32364e-07,-1.13474e-08,0,0.0005,-0.300257,0.0156369,-0.00653781,0.0138602,0.00578308,2.72027e-05
152,1,0.000424902,3.11227e-06,0,2.39833e-07,-5.2014e-09,0,0.0005,-0.242598,0.306541,0.00545775,0.0146701,0.00533015,-2.6529e-06
164,1,0.000431823,9.49733e-07,0,2.07879e-07,-8.90505e-09,0,0.00048,0.230675,-0.0848323,0.00244753,0.0146859,0.00624881,2.01859e-05
184,1,0.00043122,4.81772e-06,0,1.93907e-07,-4.76631e-09,0,0.00046,0.238064,-0.114797,-0.00507883,0.0154777,0.00588383,1.76588e-05
189,1,0.000430366,4.65141e-06,0,1.78156e-07,1.11498e-09,0,0.00044,0.0446153,-0.0380521,-0.00197141,0.0162533,0.00552514,-2.41619e-05
118,1,0.000438322,-6.83084e-07,0,3.09564e-07,1.41226e-09,0,0.00054,-0.0321388,0.215088,-0.0210283,0.016273,0.00643943,-4.22073e-05
134,1,0.000429712,7.43474e-06,0,3.07534e-07,-6.42123e-09,0,0.00052,0.16382,-0.00139797,0.000647711,0.0171204,0.00536562,-4.22335e-05
187,1,0.00043682,6.33522e-06,0,2.13909e-07,-5.91979e-09,0,0.00046,-0.143349,0.05599,-0.0113632,0.0174054,0.0061985,4.20701e-05
154,1,0.000427914,1.82972e-06,0,2.81732e-07,-1.30335e-08,0,0.0005,-0.0325113,-0.0336445,-0.00656446,0.018059,0.00525026,2.90979e-05
133,1,0.000434062,4.25307e-06,0,3.16718e-07,-7.65244e-09,0,0.00052,-0.00553247,-0.038653,0.000615109,0.0183463,0.0061854,2.24799e-05
146,1,0.000429236,5.3639e-06,0,2.86567e-07,-5.26082e-09,0,0.0005,-0.0622602,0.0895386,-0.00421912,0.0190939,0.00562007,1.83575e-05
156,1,0.00043602,6.49466e-06,0,2.80809e-07,2.65254e-09,0,0.0005,0.0802099,0.0492076,-0.00734823,0.0192831,0.0065159,-1.8988e-06
169,1,0.000425864,8.97782e-06,0,2.55097e-07,4.81428e-10,0,0.00048,-0.0449763,-0.0448282,-0.002025,0.0199234,0.00528099,2.60985e-05
97,1,0.00044337,8.93288e-06,0,3.74763e-07,6.73934e-08,0,0.00058,-0.0293602,-0.118903,0.000549306,0.00161747,0.00744248,-1.12464e-05
175,1,0.000447237,4.66992e-06,0,1.88062e-07,2.85628e-08,0,0.00046,0.0789737,0.103002,-0.00383064,0.000725992,0.00779844,2.46256e-05
108,1,0.000439699,7.15175e-06,0,3.41433e-07,2.92503e-08,0,0.00054,-0.00824663,-0.0127945,-0.00531026,0.00013932,0.00707458,-1.46308e-05
127,1,0.000448757,7.60502e-06,0,2.53444e-07,6.21645e-08,0,0.00052,-0.0923633,-0.0308164,-0.00269477,0.00221236,0.0083047,-4.70278e-05
138,1,0.000443472,9.95808e-06,0,2.35569e-07,6.6473e-08,0,0.0005,0.0785815,0.132127,-0.0102154,0.002676,0.00748032,1.72877e-05
124,1,0.00044822,1.26969e-05,0,2.497e-07,7.71627e-08,0,0.00052,0.00180134,0.0249285,0.00360356,0.00316882,0.00832828,7.98975e-06
112,1,0.000439302,2.05378e-05,0,3.01294e-07,1.06111e-07,0,0.00054,-0.00607842,0.0144811,-0.00275464,0.00375377,0.00750181,3.67542e-05
122,1,0.000437015,2.97665e-05,0,2.81905e-07,1.03653e-07,0,0.00052,0.147085,-0.202764,0.00133048,0.00445522,0.006768,-1.13161e-05
111,1,0.000446749,1.81713e-05,0,2.88414e-07,1.06161e-07,0,0.00054,-0.191462,-0.0254274,-0.0210395,0.00480621,0.00769506,-1.8846e-05
140,1,0.000441012,2.90853e-05,0,2.44972e-07,6.92007e-08,0,0.0005,0.109658,0.224317,-0.0236868,0.00538777,0.00674255,-4.44854e-05
188,1,0.000457497,2.05144e-05,0,1.55256e-07,3.01837e-08,0,0.00044,0.174857,0.208386,0.00124868,0.00582796,0.00749058,-2.9739e-05
186,1,0.000460533,1.67546e-05,0,1.66935e-07,2.04771e-08,0,0.00046,0.13205,0.0973902,-0.00238983,0.00655397,0.00797658,2.59556e-05
141,1,0.00046081,2.20678e-05,0,2.14858e-07,2.10902e-08,0,0.0005,-0.112698,-0.239298,-0.00260956,0.00660872,0.00711285,-4.89198e-05
304,1,0.000463593,1.56981e-05,0,1.21965e-07,3.90445e-09,0,0.00042,0.140242,-0.0858286,-0.0107624,0.00731128,0.00820412,-2.04116e-05
120,1,0.000464745,1.30484e-05,0,2.27912e-07,-1.02099e-08,0,0.00052,-0.0410346,-0.171788,0.000549676,0.00760884,0.0073648,-3.20614e-05
232,1,0.000465642,5.49878e-06,0,2.26635e-07,-1.90542e-08,0,0.00052,0.0817725,0.126355,-0.00679158,0.0082175,0.00816437,1.47771e-05
155,1,0.000457172,-5.20958e-06,0,2.19044e-07,-2.10001e-08,0,0.0005,-0.388137,0.220446,-0.00211193,0.00872392,0.00739142,-2.80691e-05
126,1,0.000464606,-4.66917e-07,0,2.28506e-07,-3.17092e-08,0,0.00052,0.372807,-0.141424,-0.0128239,0.00922593,0.00823055,-2.4969e-05
130,1,0.000458316,-1.31343e-05,0,2.39368e-07,-4.31366e-08,0,0.00052,-0.158192,-0.21451,0.00649757,0.00977807,0.0074215,2.2788e-05
163,1,0.000460966,-2.14634e-05,0,1.93197e-07,-3.43023e-08,0,0.00048,0.392098,0.0353733,0.00048653,0.0104352,0.00672806,-2.4844e-05
183,1,0.000458771,-1.15392e-06,0,1.51242e-07,-2.35234e-08,0,0.00046,-0.269202,-0.0509848,-0.0137242,0.0105389,0.00793729,4.85236e-05
128,1,0.00044983,-5.5246e-06,0,2.32996e-07,-2.24998e-08,0,0.00052,0.0508454,0.27087,0.0235186,0.0111945,0.00729564,-3.30909e-05
291,1,0.000450093,-5.06398e-06,0,1.5929e-07,-1.7218e-08,0,0.00046,0.0206193,-0.231227,-0.0306565,0.0118001,0.00796015,-3.5681e-05
116,1,0.000442415,-9.14797e-06,0,2.6657e-07,-2.8926e-08,0,0.00054,-0.1379,0.414963,0.0142222,0.0123029,0.00720117,-3.07794e-05
243,1,0.000448045,-5.78866e-06,0,2.02515e-07,-1.60539e-08,0,0.0005,0.233256,-0.235973,-0.0155163,0.0127797,0.00806847,-4.5525e-06
247,1,0.00044566,-3.38036e-06,0,2.09706e-07,-1.60024e-08,0,0.0005,0.231889,-0.407782,-0.00916907,0.0133049,0.00733986,-3.2558e-05
300,1,0.00044685,-3.115e-06,0,1.22569e-07,-1.20697e-08,0,0.00042,-0.300612,0.375047,0.0148795,0.0137079,0.00811991,-2.70922e-06
150,1,0.000437098,-2.48063e-06,0,2.25606e-07,-1.09594e-08,0,0.0005,0.290128,-0.193291,0.0106565,0.0138982,0.0066826,-1.6913e-05
123,1,0.000438023,-4.64298e-06,0,2.57173e-07,-1.41678e-08,0,0.00052,-0.268945,0.162574,-0.00569502,0.0144046,0.00750862,-3.94419e-05
144,1,0.000440892,6.37258e-07,0,2.32115e-07,-1.20505e-08,0,0.0005,-0.199846,0.0909342,-0.0129837,0.0152257,0.0069718,1.64328e-05
259,1,0.000448463,-2.49184e-06,0,2.23667e-07,-1.00333e-08,0,0.0005,0.242381,-0.0866234,-0.00139497,0.0153162,0.00794079,-2.56433e-05
161,1,0.000449525,-2.3829e-06,0,2.05184e-07,-4.82799e-09,0,0.00048,0.0100841,-0.136919,0.00283462,0.016056,0.00735983,-2.82612e-05
174,1,0.000447086,-1.53245e-06,0,1.78483e-07,-5.96546e-09,0,0.00046,0.0105819,0.161374,0.00691777,0.0161899,0.00823217,4.29821e-06
176,1,0.00044842,7.28763e-06,0,1.86411e-07,-8.85997e-09,0,0.00046,-0.211691,0.005776,0.00228234,0.0168242,0.00774976,4.21792e-05
119,1,0.000442053,5.18185e-06,0,3.30474e-07,-7.7693e-09,0,0.00054,0.101963,0.0828114,-0.00725535,0.017413,0.00709987,-3.70828e-05
296,1,0.000448837,3.69521e-06,0,1.63554e-07,-3.2935e-10,0,0.00044,-0.0947366,-0.0779501,-0.000142716,0.0176615,0.00798362,-3.96098e-06
166,1,0.000441738,4.60504e-06,0,2.34425e-07,-1.77881e-09,0,0.00048,0.017487,-0.0932316,-0.000550715,0.0183276,0.00709134,-3.83096e-05
191,1,0.000447173,5.39486e-06,0,1.66834e-07,2.05374e-09,0,0.00044,-0.0534587,0.0651354,0.000128716,0.0184724,0.00798731,-1.89411e-05
113,1,0.000443148,6.38719e-06,0,3.28785e-07,6.3891e-09,0,0.00054,-0.0834304,0.0469889,-0.00240787,0.0191812,0.00745354,-3.33274e-05
136,1,0.000448076,6.61496e-06,0,2.41564e-07,2.14911e-08,0,0.0005,0.0277123,-0.0989606,-0.00186993,0.0198625,0.0080591,-3.46879e-05
198,1,0.000448289,7.20618e-06,0,1.35578e-07,2.57023e-08,0,0.00042,0.0616585,0.0259066,-0.00101861,0.0013407,0.00833503,-3.99128e-05
231,1,0.000460231,5.71303e-06,0,2.26889e-07,4.56195e-08,0,0.00052,0.0185193,-0.0972257,-0.00756592,0.000977858,0.00957747,4.87165e-05
100,1,0.000452857,5.25361e-06,0,3.14649e-07,5.08507e-08,0,0.00056,-0.0754524,0.0150593,-0.00756875,0.000539187,0.00872327,-3.38667e-05
181,1,0.000455672,6.98119e-06,0,1.65067e-07,3.70985e-08,0,0.00046,0.0305726,0.112251,-0.00238965,0.00170854,0.0090578,5.5329e-07
273,1,0.000464644,3.80468e-06,0,1.67772e-07,4.76739e-08,0,0.00048,-0.0104787,0.0773847,-0.00555676,0.00187289,0.00991367,1.2865e-05
129,1,0.000457111,5.76722e-06,0,2.28896e-07,7.05925e-08,0,0.00052,0.0200714,-0.102617,-0.0139023,0.00263297,0.009205,-1.04316e-05
302,1,0.000457383,8.03478e-06,0,1.213e-07,3.76442e-08,0,0.00042,-0.0999663,0.14955,0.0188706,0.00353587,0.00921973,-1.11344e-05
178,1,0.000455659,1.31363e-05,0,1.63032e-07,4.83461e-08,0,0.00046,0.011838,-0.0324136,-0.00743785,0.00403578,0.0085118,-4.92713e-05
241,1,0.000458695,1.39732e-05,0,1.9735e-07,5.28612e-08,0,0.0005,-0.0987785,-0.163348,-0.0132779,0.00441472,0.00932175,4.93873e-05
199,1,0.000458591,1.44974e-05,0,1.23212e-07,3.43849e-08,0,0.00042,0.215096,0.0667896,0.00158864,0.00484599,0.00858218,-4.45245e-05
276,1,0.00046888,1.0161e-05,0,1.55661e-07,4.23656e-08,0,0.00048,-0.0884809,-0.00286782,0.000674627,0.0050716,0.00996638,7.96265e-06
297,1,0.000461315,1.28845e-05,0,1.31847e-07,3.26104e-08,0,0.00044,0.0550194,0.214951,-0.00220845,0.00533432,0.00920207,-4.34141e-05
104,1,0.000459752,1.6437e-05,0,2.9892e-07,6.17566e-08,0,0.00056,-0.125739,-0.0554238,-0.000302451,0.00573051,0.00840149,-3.81694e-05
201,1,0.00047012,9.81283e-06,0,2.7008e-07,4.32999e-08,0,0.00058,0.0926241,-0.0163745,-0.00316249,0.00605865,0.0098366,-9.33208e-06
229,1,0.000465275,1.54787e-05,0,2.31617e-07,2.1894e-08,0,0.00052,-0.107624,-0.0748021,-0.0107713,0.00665303,0.00891008,-1.57412e-05
224,1,0.000472157,1.07289e-05,0,2.30609e-07,1.41924e-08,0,0.00054,0.0619108,0.00685793,-0.00171895,0.00710933,0.00981426,-3.72943e-05
206,1,0.000469776,9.76201e-06,0,2.81505e-07,-4.50297e-09,0,0.00056,-0.118957,0.0442026,-0.0075299,0.00771634,0.00901368,-2.37608e-06
205,1,0.000473697,8.25252e-06,0,2.46677e-07,-1.11497e-08,0,0.00056,0.14005,0.0307853,-0.00168123,0.00827365,0.00988194,-1.82378e-05
281,1,0.000468184,4.95397e-06,0,1.55419e-07,-9.29213e-09,0,0.00046,-0.164073,-0.0972987,-0.00822579,0.0086997,0.00899839,3.24679e-05
249,1,0.000471826,9.69039e-07,0,1.8038e-07,-1.93682e-08,0,0.0005,-0.142839,-0.0648553,0.00386083,0.00953639,0.00938782,-2.10203e-05
288,1,0.000461061,-3.78741e-06,0,1.55846e-07,-1.30232e-08,0,0.00046,-0.00134788,0.371387,-0.0138975,0.0100526,0.00864253,-4.57402e-05
260,1,0.000465581,-3.41426e-06,0,1.84989e-07,-1.23693e-08,0,0.0005,0.0695124,-0.236968,-0.00451459,0.0105555,0.00939168,-3.04875e-05
221,1,0.000463461,-1.70824e-07,0,2.37254e-07,-2.94525e-08,0,0.00054,0.169958,-0.0408472,0.005948,0.0111767,0.00864271,-4.73944e-05
203,1,0.000468263,-1.56093e-06,0,2.68604e-07,-2.2345e-08,0,0.00058,-0.0947468,0.184866,-0.00865994,0.0116024,0.00962185,3.09174e-06
235,1,0.000461391,-4.20111e-06,0,2.09613e-07,-1.48841e-08,0,0.00052,-0.090517,0.0673335,-0.00838485,0.0121777,0.008785,1.54215e-05
244,1,0.000465996,-4.58298e-06,0,1.77924e-07,-1.31537e-08,0,0.0005,0.0380664,-0.200235,0.00383389,0.0126479,0.00958191,-9.05165e-06
255,1,0.000460808,-6.05621e-06,0,1.87058e-07,-1.81447e-08,0,0.0005,-0.14454,0.325801,-0.0117295,0.01327,0.00888312,1.70983e-05
299,1,0.000467551,-1.7703e-06,0,1.15982e-07,-2.03774e-08,0,0.00044,0.121329,0.282626,-0.00621188,0.0134598,0.00981316,-7.6113e-06
269,1,0.000462184,-2.54239e-06,0,1.59867e-07,-2.11017e-08,0,0.00048,0.00954023,-0.364153,0.0109473,0.0141428,0.00925512,4.26166e-05
248,1,0.000449754,-8.63315e-06,0,2.06187e-07,-1.32985e-08,0,0.0005,0.285594,-0.273369,-0.033088,0.0145303,0.00845314,4.46827e-05
263,1,0.000469259,4.47828e-06,0,1.63603e-07,-3.24422e-08,0,0.0005,-0.0160171,0.315408,0.00311049,0.0150308,0.00961937,-4.17269e-05
208,1,0.000459893,8.78634e-07,0,2.69574e-07,-2.51576e-08,0,0.00056,0.0605161,-0.300536,-0.0224336,0.0157828,0.00903524,-1.3764e-05
211,1,0.000463063,2.52701e-06,0,2.62127e-07,-8.36595e-09,0,0.00056,-0.127182,0.0485933,-0.0134108,0.016946,0.009688,-3.84248e-05
209,1,0.000451036,3.33656e-06,0,3.1676e-07,-7.30825e-09,0,0.00056,0.145203,-0.0264758,-0.00399873,0.0170624,0.00868207,1.49646e-05
280,1,0.000462139,3.72266e-06,0,1.51223e-07,6.80118e-09,0,0.00046,-0.0244567,-0.0506609,-0.00623666,0.0179319,0.00972263,4.71162e-05
226,1,0.00045286,4.23633e-06,0,2.53008e-07,7.41712e-09,0,0.00052,0.0249452,0.018235,-0.00321782,0.0180973,0.00881555,2.41907e-05
204,1,0.000462261,2.67711e-06,0,3.13769e-07,3.16764e-08,0,0.00058,-0.0734552,0.0238731,-0.00445548,0.0189402,0.00974366,3.19371e-06
214,1,0.000452913,3.38853e-06,0,2.8564e-07,2.098e-08,0,0.00054,0.0777302,-0.0110539,-0.00711904,0.0191074,0.0086849,2.66777e-05
287,1,0.000459385,5.10597e-06,0,1.63955e-07,2.23155e-08,0,0.00046,-0.0202513,0.0524366,0.00167346,0.0198258,0.00932592,7.50784e-06
228,1,0.000477324,3.18406e-06,0,1.71731e-07,5.67504e-08,0,0.00052,0.0145796,-0.0540712,-0.00431103,0.00130198,0.011418,-2.7703e-05
277,1,0.000468526,4.75103e-06,0,1.57612e-07,3.90459e-08,0,0.00048,-0.0372182,-0.0298325,-0.00428913,0.00113621,0.0104883,4.42072e-05
284,1,0.000472441,5.45579e-06,0,1.28681e-07,2.75311e-08,0,0.00046,-0.0247076,0.0671013,-0.0151913,0.000417533,0.0110304,4.66205e-05
227,1,0.000465477,5.05447e-06,0,2.13285e-07,3.80276e-08,0,0.00052,0.0475279,0.0316,-0.000154037,0.000223125,0.0101465,4.80946e-05
285,1,0.000471774,2.78925e-06,0,1.30008e-07,4.40204e-08,0,0.00046,0.0380511,0.0347466,-0.00421794,0.00197803,0.010801,1.30127e-05
274,1,0.000474895,5.66275e-06,0,1.37847e-07,4.77279e-08,0,0.00048,0.122506,0.105983,0.0035061,0.00266321,0.0113458,1.26179e-05
200,1,0.000467895,4.5223e-06,0,2.77445e-07,9.48716e-08,0,0.00058,-0.0301447,-0.0597796,-6.73429e-05,0.00281155,0.0102348,1.74262e-06
245,1,0.000473058,5.57824e-06,0,1.62629e-07,5.61506e-08,0,0.0005,-0.129924,-0.105857,-0.00905798,0.00349439,0.0109388,9.49774e-06
264,1,0.000469295,1.0069e-05,0,1.54619e-07,4.53625e-08,0,0.00048,0.163244,0.0670468,0.00489204,0.00384677,0.0100637,3.54547e-06
258,1,0.000476203,7.90296e-06,0,1.5015e-07,4.67726e-08,0,0.0005,-0.041801,-0.031448,0.00196963,0.00415765,0.011518,4.36203e-05
225,1,0.000470418,9.90566e-06,0,2.03432e-07,5.39463e-08,0,0.00054,0.021161,0.0815173,-0.00782071,0.00459603,0.0107181,-4.18982e-05
213,1,0.000477604,7.90879e-06,0,2.0269e-07,5.4172e-08,0,0.00056,0.0226793,0.00949767,-0.00122325,0.00513089,0.0116204,3.44228e-06
286,1,0.000471408,9.09463e-06,0,1.27503e-07,2.97787e-08,0,0.00046,-0.0127493,-0.113966,-0.0063077,0.00558564,0.0107237,4.40746e-05
279,1,0.000478129,9.22096e-06,0,1.1093e-07,1.78321e-08,0,0.00046,-0.0348443,0.0190529,0.00130775,0.00604927,0.0114715,1.46648e-06
207,1,0.000475077,1.00922e-05,0,2.21051e-07,1.40626e-08,0,0.00056,-0.0631719,0.0675131,-0.00244469,0.00665922,0.0107435,-2.79071e-05
289,1,0.000475218,9.89296e-06,0,1.25459e-07,1.67959e-09,0,0.00046,-0.122013,-0.0680973,-0.0010072,0.00762107,0.0106252,-3.34068e-05
290,1,0.000479776,8.91031e-06,0,1.0948e-07,-3.68718e-09,0,0.00046,0.0973727,-0.00106149,-0.00483408,0.00787281,0.0114747,-3.49974e-05
257,1,0.000477173,6.97615e-06,0,1.53963e-07,-5.49465e-09,0,0.0005,-0.125263,0.00419474,-0.00523089,0.00851858,0.0108261,-4.99548e-05
294,1,0.000482356,6.70995e-06,0,8.56631e-08,-6.80718e-09,0,0.00044,0.103223,-0.0384743,-0.00423607,0.00879646,0.0116258,-3.47829e-05
295,1,0.000475237,3.65813e-06,0,1.08632e-07,-9.67647e-09,0,0.00044,0.123939,0.0536089,-0.00648188,0.0091702,0.0102097,8.34147e-06
218,1,0.00048058,4.58369e-06,0,1.70898e-07,-1.90453e-08,0,0.00054,-0.0607805,0.0190853,-0.00410512,0.00952695,0.0110833,-2.12959e-05
237,1,0.000474776,1.88204e-06,0,1.77059e-07,-1.49513e-08,0,0.00052,0.0666745,-0.0292246,-0.0095088,0.0100824,0.010211,-3.49785e-05
254,1,0.000480677,3.47272e-06,0,1.3205e-07,-1.35843e-08,0,0.0005,-0.0744965,-0.0198525,-0.00330076,0.0105123,0.0110452,2.14731e-05
236,1,0.000477507,1.63427e-06,0,1.60472e-07,-1.98433e-08,0,0.00052,0.0287857,0.0468101,-0.00611486,0.0113037,0.0105665,9.56966e-07
212,1,0.000483933,3.63535e-07,0,1.54919e-07,-1.30327e-08,0,0.00056,0.00428086,0.0010976,-0.00470353,0.011937,0.011369,-1.47463e-05
261,1,0.000473902,-3.54855e-06,0,1.56792e-07,-2.49358e-09,0,0.0005,0.0443585,-0.0670477,-0.0163739,0.012311,0.0104493,-1.60515e-05
265,1,0.000484721,2.63554e-06,0,7.02987e-08,-3.2782e-08,0,0.00048,-0.0221913,0.0116761,-0.00473662,0.0132005,0.0115766,-4.13942e-05
219,1,0.000478463,1.41805e-06,0,1.49114e-07,-4.98503e-08,0,0.00054,-0.0896384,0.335687,-0.0182509,0.0134674,0.0107109,-9.96495e-06
230,1,0.000472024,-1.40796e-06,0,1.71424e-07,-2.79421e-08,0,0.00052,-0.0840859,-0.230008,0.00603048,0.0142819,0.0101672,-2.75196e-05
256,1,0.00047423,2.51028e-06,0,1.26353e-07,-3.71611e-08,0,0.0005,0.00398436,-0.0383741,-0.0155399,0.0145163,0.0110643,1.39627e-05
266,1,0.000470746,1.60166e-06,0,1.32891e-07,-2.14872e-08,0,0.00048,0.069667,-0.000358134,-0.00242142,0.0152266,0.0105267,-3.81409e-05
234,1,0.00047736,2.09624e-06,0,1.38415e-07,-2.3125e-08,0,0.00052,-0.0454007,-0.00841795,-0.00354099,0.0159503,0.0111726,1.50647e-05
246,1,0.00047017,3.60527e-06,0,1.61681e-07,-2.27171e-08,0,0.0005,-0.119699,0.0320418,0.0058866,0.0159943,0.0100312,-1.72888e-05
220,1,0.000473654,3.7573e-06,0,1.84405e-07,-1.3925e-08,0,0.00054,0.105267,-0.0149703,-0.00393138,0.0167726,0.0106681,1.79805e-07
238,1,0.000479719,2.91307e-06,0,1.32484e-07,-1.32001e-08,0,0.00052,-0.0800218,0.0407862,-0.00105824,0.0168997,0.0116475,2.84116e-05
301,1,0.000470743,2.75279e-06,0,9.7149e-08,1.95637e-09,0,0.00042,0.0710781,-0.0419555,-0.00160124,0.0176128,0.0104804,2.7353e-05
272,1,0.000476405,3.19214e-06,0,1.24215e-07,1.30342e-09,0,0.00048,-0.0661626,-0.000506101,-0.00321846,0.0178001,0.0113135,5.40968e-06
253,1,0.000469737,3.49621e-06,0,1.69324e-07,1.22417e-08,0,0.0005,0.0191003,0.0588587,-0.00621545,0.0184362,0.0106142,-4.24369e-05
270,1,0.000477448,1.55508e-06,0,1.25142e-07,1.65303e-08,0,0.00048,0.0200297,0.00760606,-0.00442972,0.0187346,0.0115016,5.57899e-06
202,1,0.000472039,1.606e-06,0,2.61023e-07,5.02738e-08,0,0.00058,0.000249045,-0.0488942,-0.00309449,0.0194415,0.0107921,6.96845e-06
251,1,0.000481482,2.39098e-06,0,1.26835e-07,4.79478e-08,0,0.0005,0.0783278,0.083064,-0.00523186,0.00115611,0.0124414,2.40728e-05
275,1,0.000479479,2.28659e-06,0,1.21079e-07,3.6747e-08,0,0.00048,0.0324068,0.0149935,0.000901113,0.000497641,0.0118743,3.55182e-05
320,1,0.000483173,9.86523e-07,0,1.41284e-07,4.59149e-08,0,0.00054,-0.0135945,-0.0240538,-0.00435994,4.22392e-05,0.0127177,2.61725e-05
357,1,0.000482585,2.91965e-06,0,1.2032e-07,4.4781e-08,0,0.0005,0.0806685,0.0554466,-0.00144216,0.0018375,0.0130386,-1.09524e-05
242,1,0.000478034,3.63698e-06,0,1.40246e-07,5.28826e-08,0,0.0005,-0.138216,-0.0603056,-7.1833e-05,0.00203213,0.0120589,1.14157e-05
222,1,0.000481567,4.2081e-06,0,1.6108e-07,6.03186e-08,0,0.00054,-0.00672592,-0.068876,0.000880005,0.00274103,0.0127436,-2.41459e-05
217,1,0.000478407,4.86658e-06,0,1.80115e-07,6.56137e-08,0,0.00054,0.0361847,0.0333703,-0.00186326,0.00337876,0.0120166,4.99362e-05
267,1,0.000480769,5.13676e-06,0,1.1023e-07,3.96851e-08,0,0.00048,-0.0132084,0.0592652,-0.0014599,0.00371962,0.0129555,-3.43726e-05
278,1,0.000479247,7.15486e-06,0,1.19218e-07,3.36287e-08,0,0.00048,0.00761279,-0.0546885,-0.00144966,0.00442877,0.0123573,6.77892e-06
268,1,0.000483508,5.74449e-06,0,1.04077e-07,3.07075e-08,0,0.00048,-0.0199372,-0.0509723,-0.00113756,0.00462337,0.0132299,-3.85877e-05
240,1,0.000480908,6.92497e-06,0,1.43057e-07,3.5085e-08,0,0.00052,0.00207386,0.0543686,-0.00247637,0.00533166,0.0125877,1.56753e-06
282,1,0.000480365,8.38458e-06,0,1.02189e-07,1.43971e-08,0,0.00046,0.0278134,-0.0683894,0.000122932,0.00620281,0.0123321,3.49515e-06
271,1,0.000483454,7.43223e-06,0,1.00437e-07,2.88558e-09,0,0.00048,-0.0293925,0.0629672,-0.0040403,0.0068344,0.0129529,1.51186e-05
216,1,0.000480114,9.45076e-06,0,1.72694e-07,5.63321e-09,0,0.00054,0.067021,-0.0196654,-0.00399383,0.00695796,0.0117268,-1.27408e-05
400,1,0.000483407,9.01905e-06,0,7.12843e-08,3.51834e-11,0,0.00042,-0.0742515,0.0234799,0.00253593,0.00748852,0.0124223,4.10288e-05
369,1,0.000486206,6.82492e-06,0,8.75161e-08,-3.1262e-10,0,0.00048,0.0388467,-0.0629893,-0.00217472,0.00770537,0.0132143,-4.99274e-05
283,1,0.000483818,6.8697e-06,0,9.13231e-08,-5.22474e-09,0,0.00046,-0.0746365,0.00914213,-0.00152143,0.00827082,0.012249,-2.24734e-05
371,1,0.000486344,6.42094e-06,0,8.59417e-08,-5.87997e-09,0,0.00048,0.0759452,0.0361788,-0.000196544,0.00857854,0.0130579,-3.7354e-05
338,1,0.000485638,6.08391e-06,0,1.17768e-07,-1.39639e-08,0,0.00052,-0.0877828,-0.0175626,-0.00249927,0.00923702,0.0123953,-2.52694e-05
359,1,0.000488372,4.75323e-06,0,8.77095e-08,-1.42786e-08,0,0.0005,-0.0473385,-0.038484,-0.0050594,0.0100524,0.0129104,-4.84058e-07
223,1,0.000484422,4.88953e-06,0,1.39583e-07,-1.95195e-08,0,0.00054,0.0658909,0.0125423,-0.00219993,0.0101268,0.0119305,-4.9699e-05
392,1,0.00048795,2.38357e-06,0,6.20223e-08,-5.19124e-09,0,0.00044,-0.00886619,0.0346226,-0.00369525,0.0108708,0.0124701,6.46138e-06
360,1,0.000490946,2.24586e-06,0,7.25138e-08,-5.60996e-09,0,0.0005,0.00393158,0.00551464,-0.00148235,0.0108969,0.0132875,-1.31753e-05
298,1,0.000484563,1.94416e-06,0,7.36837e-08,-7.90496e-09,0,0.00044,0.0170718,-0.0263141,-0.00208024,0.01106,0.0117121,7.82155e-06
396,1,0.000487684,1.11923e-06,0,5.90497e-08,-5.70355e-09,0,0.00044,-0.0196694,-0.0129781,-0.00151697,0.0116717,0.0123154,-4.8395e-05
363,1,0.000491106,2.52724e-06,0,6.17969e-08,-1.00401e-08,0,0.00048,0.0118082,-0.0011299,-0.000514818,0.0117718,0.0131913,-1.17246e-06
252,1,0.000487005,1.84503e-06,0,8.44174e-08,-1.67892e-08,0,0.0005,-1.42125e-05,0.0124769,0.0013778,0.0125284,0.0121566,-3.72359e-05
322,1,0.00049013,2.03665e-06,0,9.09051e-08,-2.15094e-08,0,0.00054,0.00114718,-0.00399811,-0.00425688,0.0127106,0.013091,-5.27218e-06
331,1,0.00048754,2.68214e-06,0,8.88545e-08,-3.40475e-08,0,0.00052,0.0186777,-0.00929537,-0.000118214,0.0134312,0.0124935,-4.1589e-05
332,1,0.000489789,1.9342e-06,0,7.42222e-08,-3.20933e-08,0,0.00052,-0.00619464,0.0253907,-0.00317247,0.0140394,0.0132355,-4.69919e-05
239,1,0.00048396,3.0354e-06,0,9.72014e-08,-4.59034e-08,0,0.00052,0.014314,-0.018986,-0.00219725,0.0141345,0.0118948,2.195e-05
377,1,0.000487,2.19927e-06,0,5.97646e-08,-2.34875e-08,0,0.00046,-0.0224322,-0.00386686,-0.00418734,0.0147046,0.012642,2.70269e-05
210,1,0.000481784,9.54011e-07,0,1.33536e-07,-3.75906e-08,0,0.00056,0.00830452,0.0267145,-0.00193799,0.0151736,0.0118085,-2.83946e-05
328,1,0.000486735,9.10887e-07,0,8.69157e-08,-2.71257e-08,0,0.00052,-0.00946746,-0.000243851,-0.00299116,0.0156161,0.0127485,2.96183e-05
293,1,0.000482384,1.31745e-06,0,6.65137e-08,-1.338e-08,0,0.00044,0.0313725,-0.0173068,-0.00280268,0.0161298,0.0120622,4.3363e-05
317,1,0.000487448,1.31862e-06,0,9.876e-08,-2.31022e-08,0,0.00054,0.00288095,-0.00967701,0.00158066,0.0165949,0.012918,-8.8818e-06
262,1,0.000484375,1.84963e-06,0,9.71871e-08,-8.83983e-09,0,0.0005,0.0620419,-0.0230901,-0.00515963,0.0174271,0.0124507,-3.24457e-07
303,1,0.000482113,2.28183e-06,0,6.86831e-08,3.04654e-09,0,0.00042,0.0484447,-0.0497634,-0.00289733,0.0181656,0.012086,-2.60666e-05
292,1,0.000486105,3.78845e-07,0,6.05308e-08,4.43476e-09,0,0.00044,-0.0580846,0.0254907,-0.00312933,0.0182238,0.0128984,-2.9504e-05
233,1,0.000484244,1.15536e-06,0,1.20981e-07,2.64698e-08,0,0.00052,-0.032794,0.0372513,-0.00464822,0.0189781,0.0124614,1.74786e-05
250,1,0.000479183,5.30285e-07,0,1.35095e-07,3.67184e-08,0,0.0005,-0.00545906,-0.00600574,-0.0019645,0.0196211,0.0117916,-2.60959e-05
388,1,0.000488069,1.80261e-06,0,4.9363e-08,2.34918e-08,0,0.00044,0.0359092,-0.022544,0.00374094,0.00138269,0.014244,3.4178e-05
311,1,0.000486399,1.65957e-06,0,1.33132e-07,5.88613e-08,0,0.00056,-0.0733916,-0.0473869,-0.00213951,0.000886708,0.0133995,2.21972e-05
368,1,0.000491426,1.48166e-06,0,4.07548e-08,2.43035e-08,0,0.00048,0.00436135,0.00826428,-0.00540457,0.00051511,0.0144814,-4.70775e-05
399,1,0.000489607,1.21568e-06,0,4.30482e-08,1.48591e-08,0,0.00042,0.0540473,0.0816293,-0.0010233,8.08381e-05,0.0138039,-8.94147e-06
326,1,0.000491078,2.48199e-06,0,6.83334e-08,3.25094e-08,0,0.00054,0.025182,0.0432929,-0.00858671,0.0021911,0.0147589,-1.08387e-06
372,1,0.000484149,3.15269e-06,0,9.15345e-08,3.15773e-08,0,0.00048,-0.0361725,0.0346064,-0.00227021,0.00220301,0.0138491,-2.28614e-05
374,1,0.000482701,4.51524e-06,0,1.0511e-07,4.22131e-08,0,0.00048,-0.027747,-0.0190891,-0.00189453,0.00306869,0.0136207,1.18363e-05
395,1,0.000488934,3.87033e-06,0,5.90752e-08,2.29218e-08,0,0.00044,0.0120475,-0.0776772,-0.0132401,0.00323929,0.0144907,1.79808e-05
325,1,0.000484048,3.66665e-06,0,1.48114e-07,5.27291e-08,0,0.00054,0.0383041,0.0242001,0.000177716,0.00396697,0.0139221,-1.68329e-05
394,1,0.000486831,2.3519e-06,0,6.02958e-08,2.49289e-08,0,0.00044,-0.0100837,0.0520577,-0.00656381,0.00437728,0.0147411,-1.70971e-05
379,1,0.000484583,4.59456e-06,0,8.88596e-08,2.60084e-08,0,0.00046,-0.0151509,-0.0261857,0.00230373,0.00488875,0.0141041,-3.30003e-06
215,1,0.000484734,6.28319e-06,0,1.36918e-07,2.47965e-08,0,0.00054,0.0110907,0.0351684,-0.00120365,0.00556924,0.0135081,8.09002e-06
391,1,0.000487188,6.29732e-06,0,6.65506e-08,3.47207e-09,0,0.00044,-0.0040273,0.0106253,-0.00184078,0.00571252,0.0144102,1.50053e-05
329,1,0.000486431,6.31501e-06,0,1.10771e-07,6.42274e-09,0,0.00052,0.0119231,-0.0319451,-0.003139,0.00646601,0.0138146,-3.08659e-05
305,1,0.000491497,5.09271e-06,0,1.00086e-07,3.88923e-09,0,0.00058,-0.0107528,-0.00965522,-0.00595707,0.00657443,0.0148673,8.61202e-06
312,1,0.000488166,5.6029e-06,0,1.17282e-07,-1.22117e-10,0,0.00056,-0.0140986,0.032063,0.00142936,0.00740127,0.0141414,-3.80464e-05
373,1,0.00049258,2.54167e-06,0,4.80444e-08,5.42797e-09,0,0.00048,0.0211489,-0.0187081,-0.00932333,0.00801503,0.0148642,6.36771e-07
344,1,0.00048938,5.655e-06,0,7.41284e-08,-7.75881e-09,0,0.0005,-0.0598813,-0.0338846,-0.00552784,0.00838141,0.0139293,-4.54767e-05
333,1,0.00049465,2.39743e-06,0,4.90444e-08,8.75527e-11,0,0.00052,0.0161183,0.00511711,-0.00380617,0.00900787,0.0146354,-3.38088e-05
342,1,0.000490723,4.60215e-06,0,7.92172e-08,-1.24498e-08,0,0.0005,0.0442004,0.0436213,0.000477817,0.00933695,0.0135578,2.73575e-05
381,1,0.000495876,2.04566e-06,0,2.98912e-08,-3.12723e-09,0,0.00046,-0.00025298,-0.00902242,0.000273884,0.00991993,0.0147493,3.1619e-05
310,1,0.000493542,3.4217e-06,0,8.45982e-08,-1.1809e-08,0,0.00056,0.0126283,-0.0181998,-0.00509715,0.0102539,0.0139422,-2.39016e-05
389,1,0.000496178,2.11296e-06,0,2.8834e-08,-2.29788e-09,0,0.00044,-0.00771784,0.0235837,-0.000746855,0.0108121,0.0146939,2.14614e-05
358,1,0.000493948,2.33352e-06,0,5.52341e-08,-9.8999e-09,0,0.0005,-0.00789643,-0.0060671,-0.00205403,0.0114066,0.0140767,-4.48401e-05
364,1,0.000496151,2.12101e-06,0,3.72097e-08,-8.99694e-09,0,0.00048,0.00038555,-0.00832746,-0.00159224,0.0120008,0.0148105,1.77529e-05
323,1,0.000493827,2.30313e-06,0,7.05955e-08,-1.61392e-08,0,0.00054,-0.0017268,0.00709697,-0.00197628,0.0123532,0.0139627,3.75063e-05
353,1,0.000495883,1.69028e-06,0,4.36756e-08,-9.60961e-09,0,0.0005,0.0106571,0.00815755,-0.0018344,0.0129082,0.0147424,-3.31627e-05
330,1,0.000493541,1.8777e-06,0,6.36236e-08,-1.74312e-08,0,0.00052,-0.0125106,-0.00625378,-0.00148574,0.0133512,0.0138889,2.49655e-05
306,1,0.000496221,1.58882e-06,0,6.65252e-08,-2.51779e-08,0,0.00058,0.00521532,-0.00718976,-0.000107244,0.0139085,0.0147898,-1.88293e-05
348,1,0.000493338,1.20642e-06,0,4.97602e-08,-2.34322e-08,0,0.0005,0.00977814,-0.0194939,-0.00416073,0.014512,0.0140501,3.83299e-05
398,1,0.000496204,1.31403e-06,0,2.42245e-08,-1.24881e-08,0,0.00042,-0.0116427,0.0164602,-8.81267e-05,0.0148483,0.0148512,-1.60873e-07
376,1,0.000490235,1.34661e-06,0,4.97496e-08,-2.0161e-08,0,0.00046,0.0092391,0.00752999,-0.00204498,0.0150668,0.0134391,1.43924e-05
397,1,0.000494446,9.61431e-07,0,2.68142e-08,-1.40497e-08,0,0.00042,0.0327934,-0.0375308,-0.00403595,0.0154121,0.0143791,2.52958e-05
327,1,0.000491192,2.7709e-07,0,6.64715e-08,-2.33343e-08,0,0.00052,0.00716492,-0.0122925,-0.00445265,0.01592,0.0136796,-3.62044e-05
366,1,0.000495629,-5.35464e-07,0,3.51395e-08,-1.38067e-08,0,0.00048,0.00521182,0.0416742,-0.00341465,0.0162237,0.0145961,-1.15952e-07
380,1,0.000491667,-8.34537e-07,0,4.36701e-08,-1.06921e-08,0,0.00046,-0.0533682,0.0185982,0.00117942,0.016775,0.0139018,-4.96651e-05
335,1,0.000489697,1.85874e-06,0,7.76483e-08,-1.216e-08,0,0.00052,-0.0323052,0.0279874,-0.00290667,0.017509,0.0134154,-6.05535e-06
316,1,0.000492059,1.16514e-06,0,5.46444e-08,-1.15035e-08,0,0.00054,0.0220928,-0.0457527,-0.00213696,0.0175633,0.0144272,4.44824e-05
340,1,0.000490574,-1.98693e-07,0,6.98829e-08,7.43921e-09,0,0.00052,0.0536188,-0.0201582,-0.00354939,0.0183916,0.0137973,4.05064e-05
367,1,0.000493337,3.39941e-07,0,3.185e-08,3.36078e-09,0,0.00048,-0.0558642,0.0667221,0.000707149,0.0185107,0.0147259,1.34032e-05
319,1,0.000488693,1.45106e-06,0,1.01526e-07,2.73913e-08,0,0.00054,0.0465727,-0.0163308,-0.00221118,0.0193002,0.0134143,-7.28073e-06
321,1,0.000492337,2.32064e-07,0,5.92476e-08,2.44593e-08,0,0.00054,-0.0575429,-0.0402056,-0.00174881,0.0194299,0.0144503,-2.36735e-05
336,1,0.000498049,5.42431e-07,0,1.79355e-08,1.13196e-08,0,0.00052,0.00259209,0.0386125,-0.00200135,0.00130927,0.016266,4.63278e-05
315,1,0.000495187,5.04772e-07,0,3.34428e-08,3.09465e-08,0,0.00056,0.010316,0.0138787,-0.00042236,0.00106265,0.0152614,-1.20233e-05
361,1,0.000498196,6.43958e-07,0,1.30882e-08,5.53947e-09,0,0.0005,-0.00851326,-0.0342839,-0.00243825,0.00030971,0.0162461,-3.79876e-05
337,1,0.000494517,1.13632e-06,0,2.43331e-08,2.31749e-08,0,0.00052,0.00323979,-0.0204247,-0.00137809,1.54502e-05,0.0153016,1.1381e-06
387,1,0.000495955,1.90413e-06,0,1.85535e-08,1.05947e-08,0,0.00046,-0.0326148,-0.0223744,0.00166617,0.00193622,0.0156141,7.7282e-06
307,1,0.000497554,1.3189e-06,0,2.00465e-08,1.19562e-08,0,0.00058,-0.000151117,-0.0054998,-0.00382003,0.00261117,0.0162467,-3.93501e-06
354,1,0.000494031,1.89338e-06,0,3.60441e-08,2.31196e-08,0,0.0005,0.0108299,-0.0149481,0.00172029,0.00302699,0.0153316,4.43312e-05
347,1,0.000498791,1.17591e-06,0,5.62198e-09,5.53535e-09,0,0.0005,0.0017518,0.00480302,0.000435023,0.00360832,0.0162897,2.60965e-05
341,1,0.000495043,2.77047e-06,0,2.77459e-08,1.03491e-08,0,0.0005,-0.00754898,0.00049775,-0.00735705,0.00401309,0.01548,2.36495e-05
352,1,0.000499092,1.01144e-06,0,4.6991e-09,4.42256e-09,0,0.0005,0.00218595,-0.00113419,-0.000397995,0.00454548,0.0162693,-2.63927e-05
365,1,0.000499007,2.91531e-06,0,7.5951e-09,-3.30171e-09,0,0.00048,-0.00176089,-0.00453066,0.00134576,0.00544358,0.0162747,1.78253e-05
324,1,0.000493985,6.26736e-06,0,6.50775e-08,-1.43669e-08,0,0.00054,0.00102967,-0.00101914,-0.0102139,0.0054408,0.0153015,1.45032e-05
309,1,0.000497628,3.89818e-06,0,2.99646e-08,5.2475e-10,0,0.00056,0.00807386,0.00656501,-0.00190449,0.00633564,0.0159229,1.14277e-05
393,1,0.000498681,1.82777e-06,0,9.16558e-09,3.22395e-10,0,0.00044,-0.00150935,-0.00937313,-0.00261944,0.00714988,0.0163521,1.42827e-05
362,1,0.000495886,2.87525e-06,0,2.96155e-08,1.98334e-09,0,0.00048,0.00264062,-0.00213795,-0.00180609,0.00736123,0.0154992,3.47044e-05
313,1,0.000498301,1.01245e-06,0,2.18138e-08,2.18834e-09,0,0.00056,0.00206982,0.0102779,-0.00158499,0.00804562,0.0162143,1.04172e-05
383,1,0.000496924,1.05776e-06,0,2.20221e-08,2.65566e-09,0,0.00046,-0.0206622,0.00588515,-0.000133195,0.0086308,0.0154607,-1.23126e-05
308,1,0.00049855,7.20691e-07,0,1.96039e-08,6.66583e-10,0,0.00056,0.00426005,-0.0127249,-0.00131862,0.00908263,0.0162831,-4.47667e-06
355,1,0.000497101,1.25357e-06,0,2.68059e-08,-6.08951e-10,0,0.0005,0.00248111,-0.00129517,-0.000642657,0.00953877,0.0154805,1.65265e-05
370,1,0.000498648,7.25314e-07,0,1.23597e-08,-7.7812e-10,0,0.00048,0.000346345,0.0145634,-0.000589351,0.0100382,0.0162826,3.22872e-05
356,1,0.000497274,1.42411e-06,0,2.68127e-08,-3.55158e-09,0,0.0005,-0.00599357,0.00242813,-0.00104746,0.0104777,0.0154811,-2.57249e-06
339,1,0.000498873,8.22462e-07,0,1.49543e-08,-2.81567e-09,0,0.00052,-0.00119345,-0.0153644,-0.000815382,0.010977,0.016283,-3.75421e-05
351,1,0.000497419,1.47324e-06,0,2.84422e-08,-5.04874e-09,0,0.0005,0.0121016,-0.00419753,-0.000134188,0.0113923,0.0154218,5.22691e-06
314,1,0.000498816,8.08139e-07,0,1.99227e-08,-5.89428e-09,0,0.00056,1.31472e-05,0.0153699,-0.00121056,0.0119983,0.0162487,-2.29225e-05
390,1,0.000497584,1.46631e-06,0,2.21451e-08,-3.89834e-09,0,0.00044,-0.0117087,-0.00616249,-0.000754611,0.0124956,0.0155103,1.07715e-05
346,1,0.000499108,5.03616e-07,0,1.46694e-08,-2.89623e-09,0,0.0005,0.00206363,-0.0151724,-0.00125114,0.013023,0.0163066,-1.93448e-05
382,1,0.000497455,8.85431e-07,0,2.78663e-08,-3.7849e-09,0,0.00046,-0.00125165,0.0060088,-0.00143636,0.0133457,0.0155264,-3.46021e-05
385,1,0.000499258,1.17244e-06,0,1.23851e-08,-8.29158e-09,0,0.00046,-0.0119654,0.0154248,0.00199263,0.0139581,0.0162609,-1.71876e-05
384,1,0.000498189,1.16591e-06,0,2.15355e-08,-1.23068e-08,0,0.00046,-0.00272467,0.00925933,-0.0044617,0.0145142,0.0155587,-1.66336e-06
343,1,0.000500033,1.17e-07,0,4.96794e-09,-3.32948e-09,0,0.0005,0.00182923,-0.00435666,-0.000109349,0.0149298,0.016304,2.63946e-05
349,1,0.000498522,5.31946e-07,0,2.49414e-08,-1.7612e-08,0,0.0005,-0.0130573,-0.0316909,-0.00322005,0.0156103,0.0153249,-2.79437e-05
345,1,0.000499753,3.61859e-07,0,6.4097e-09,-5.46098e-09,0,0.0005,0.00129659,0.00161625,0.000256823,0.0159157,0.0162452,8.05502e-06
334,1,0.000497166,1.90126e-08,0,2.27236e-08,-1.07125e-08,0,0.00052,0.00278952,-0.0253959,0.00148994,0.0168366,0.0153215,-3.81553e-05
375,1,0.000498897,3.84235e-08,0,5.22534e-09,-3.34774e-09,0,0.00048,-0.00188935,-0.00090051,-0.00244448,0.0168748,0.0162753,-3.82493e-05
378,1,0.000499724,-4.67653e-08,0,2.39351e-09,-5.16508e-10,0,0.00046,0.0100579,0.00208621,-0.000167351,0.0177952,0.0163259,4.44583e-05
318,1,0.000496243,-4.81935e-08,0,2.47756e-08,-1.45456e-09,0,0.00054,-0.020648,0.0214198,-0.00487609,0.0178522,0.0154112,1.57621e-06
350,1,0.000490838,-2.28691e-07,0,-9.56379e-09,2.61855e-09,0,0.0005,0.0137019,-1.43975,-0.0193766,0.0189822,0.0162724,4.44816e-05
386,1,0.000494694,-6.42577e-08,0,1.44199e-08,6.47061e-09,0,0.00046,0.145642,0.0140297,-0.00159517,0.0190851,0.0153854,2.61205e-05
